hip_X	hip_Y	hip_Z	knee_X	knee_Y	knee_Z	ankle_X	ankle_Y	ankle_Z
	0.906248	-3.715489	-30.970533	0.883330	22.471111	9.764387	-3.257321	-10.827755	-8.253696
	0.879149	-4.668587	-30.268812	1.341819	23.219337	11.099667	-3.090854	-10.409542	-7.556224
	0.870643	-5.535168	-29.450883	1.778660	23.913946	12.634159	-2.468791	-9.923284	-6.631897
	0.753399	-6.225407	-28.865714	2.035388	24.038168	14.446370	-1.584522	-9.525193	-5.539569
	0.631552	-6.908334	-28.407797	2.026848	23.812522	16.478923	-0.204469	-8.751068	-4.316268
	0.514083	-7.334354	-28.058596	1.943597	23.577386	18.639988	1.225427	-7.896213	-3.774813
	0.358815	-7.848821	-27.973067	1.789682	23.142801	21.386394	2.767634	-6.870147	-4.291428
	0.183235	-8.181697	-28.040942	1.749153	22.574470	24.434567	4.055641	-5.889304	-5.043357
	-0.275015	-8.310870	-28.275785	1.777656	21.780599	27.795021	4.964632	-4.903489	-6.804419
	-0.893360	-8.130839	-28.486015	2.010398	20.739946	31.070276	5.299038	-3.890707	-8.835867
	-1.481621	-7.761655	-28.649876	2.165293	19.378044	34.049873	5.585785	-3.090047	-10.872164
	-2.581220	-7.023446	-28.475550	2.358577	17.658399	36.417726	5.523364	-2.318143	-12.873888
	-3.752739	-6.054192	-28.204817	2.504837	15.917592	38.101742	5.405839	-1.734048	-14.722270
	-4.768847	-5.186377	-27.461986	2.663208	14.596143	39.397802	5.403475	-1.282403	-16.380748
	-5.723667	-4.645433	-26.580581	2.746765	13.736124	40.087028	5.426821	-0.922404	-17.805194
	-6.070801	-4.323213	-25.605766	2.753392	13.525914	40.674062	5.454123	-0.730145	-19.116128
	-6.036131	-4.398766	-24.545787	2.676907	13.981925	40.798942	5.527173	-0.643693	-20.400710
	-5.755073	-4.821142	-23.382678	2.488841	14.906397	40.678735	5.672238	-0.640125	-21.538026
	-5.277016	-5.447511	-22.087990	2.170611	16.196271	40.286349	5.883015	-0.762299	-22.518035
	-4.606678	-6.165897	-20.753313	1.844044	17.399117	39.749660	6.044147	-0.970693	-23.344645
	-4.057927	-6.856277	-19.247705	1.467103	18.497402	38.950789	6.121073	-1.170564	-24.032545
	-3.667152	-7.486878	-17.560735	1.177823	19.179811	37.941628	6.227810	-1.419646	-24.541283
	-3.506432	-7.953301	-15.796189	0.959206	19.594403	36.705495	5.928777	-1.703082	-24.783082
	-3.480153	-8.325379	-13.954440	0.878383	19.643624	35.341430	5.560873	-2.140734	-24.878642
	-3.500153	-8.506744	-12.140264	0.909177	19.451723	33.801589	5.005446	-2.652789	-24.753232
	-3.502522	-8.418966	-10.233368	1.026269	18.959944	31.954854	4.481683	-3.138721	-24.319804
	-3.526705	-8.173730	-8.343952	1.181829	18.496216	29.885298	3.885547	-3.565021	-23.404782
	-3.555769	-7.536946	-6.412074	1.377121	17.789673	27.898675	3.181787	-4.211805	-22.485352
	-3.453874	-6.772222	-4.454889	1.546807	17.133914	25.857945	2.511422	-4.749888	-20.960428
	-3.245150	-5.881122	-2.525472	1.703211	16.542383	23.823762	1.828717	-5.395971	-19.137891
	-2.985901	-4.753064	-0.727201	1.803724	15.830841	21.736357	1.233285	-5.983994	-17.233191
	-2.509745	-3.497173	1.185486	1.880726	15.494096	19.741043	0.710395	-6.694442	-14.950081
	-1.933784	-2.332725	2.929097	1.945121	15.281977	18.272241	0.155154	-7.542448	-12.576162
	-1.343829	-1.110621	4.387837	2.051802	15.113119	16.870301	-0.413235	-8.481587	-9.866372
	-0.695707	-0.098487	5.614992	2.150418	15.126963	15.251705	-0.946388	-9.526379	-7.039388
	-0.075352	0.829631	6.575867	2.292549	15.209124	14.006960	-1.164863	-10.839568	-4.283908
	0.414101	1.693394	7.344825	2.402798	15.393053	13.236590	-1.339362	-11.977399	-1.587289
	0.912605	2.231115	7.819736	2.669839	15.398230	12.634801	-1.414427	-12.616105	0.808541
	1.339285	2.644854	8.233317	2.931432	15.273210	12.342229	-1.396353	-13.023939	3.062360
	1.522227	2.811926	8.319454	3.390039	15.007631	12.438172	-1.288980	-13.214311	5.198095
	1.563416	2.731980	8.233527	3.936351	14.544945	13.055177	-1.195753	-13.362116	7.230474
	1.516733	2.784576	8.233122	4.500746	14.139358	13.886840	-1.350581	-13.032190	9.253830
	1.386942	2.300932	8.092609	5.203543	14.162512	15.058334	-1.598672	-12.609487	10.971353
	1.278705	1.716044	7.893127	5.938233	14.330362	16.550037	-2.334178	-11.952492	12.476871
	1.204558	0.947210	7.587946	6.856463	14.881875	18.415609	-3.138771	-11.312819	13.799035
	1.043719	0.207930	7.153035	7.860308	15.561498	20.813596	-4.145829	-10.797209	14.724832
	0.910887	-0.441984	6.690498	8.897663	16.399417	23.676653	-4.675229	-10.333361	15.061926
	0.767144	-1.016477	6.145266	9.882412	17.099730	26.740879	-5.082546	-10.032468	14.815258
	0.653293	-1.385497	5.548027	10.913215	17.484403	30.040039	-4.994226	-9.808097	14.076293
	0.617189	-1.419356	4.928743	11.907976	17.435520	33.602440	-4.816449	-9.649438	13.033709
	0.651628	-1.063067	4.323217	12.605783	16.891708	37.427936	-4.402892	-9.717725	11.894696
	0.735653	-0.440233	3.675606	13.423924	16.008620	41.622018	-3.975372	-9.781251	11.042579
	0.835618	0.433898	3.029744	14.141129	14.579656	45.345276	-3.590876	-9.592540	10.468638
	0.996622	1.529209	2.355563	14.917916	13.096972	48.973188	-3.266187	-9.600439	9.963160
	1.150461	2.815210	1.619538	15.665186	11.613398	52.847577	-2.991438	-9.681221	9.270918
	1.382141	4.231437	0.785433	16.465640	9.868182	56.584868	-2.809703	-9.836736	8.604547
	1.646445	5.737866	-0.177087	17.120976	8.267451	60.281154	-2.608431	-9.919045	7.880727
	1.899337	7.132768	-1.291199	17.492508	7.052786	63.861285	-2.380453	-9.763377	7.173528
	2.203698	8.206721	-2.405669	17.883539	5.932266	67.232674	-2.129403	-9.819481	6.517633
	2.650825	9.063359	-3.725766	18.122781	5.116745	70.253783	-1.816882	-9.909548	5.882380
	3.361535	9.624936	-5.138132	18.208720	4.461068	73.184004	-1.399305	-9.963590	5.224011
	4.189536	10.049533	-6.668760	18.270979	4.061548	76.075113	-1.002141	-9.964000	4.499127
	4.925937	10.244965	-8.328999	18.041791	3.841614	78.721634	-0.492655	-9.766513	3.554214
	5.692783	10.234221	-10.264999	17.598583	3.694344	81.427478	-0.042703	-9.634768	2.697743
	6.403594	10.032132	-12.378993	17.094594	3.592842	83.767390	0.358681	-9.328108	1.835072
	6.989653	9.602340	-14.616164	16.502467	3.725091	85.842959	0.814901	-9.191094	1.007750
	7.547621	8.950788	-16.766153	15.918571	4.144416	87.661817	1.139127	-9.149162	0.256617
	7.948523	8.049818	-19.001662	15.346743	5.051577	89.182638	1.499719	-9.347341	-0.383861
	8.235883	6.967786	-21.124065	14.872708	5.928114	90.216802	1.708448	-9.318896	-0.890435
	8.477988	6.102022	-23.132322	14.392423	6.825232	90.728274	1.863641	-9.233894	-1.267240
	8.630574	5.599818	-25.005134	13.771977	7.560458	90.859698	1.715747	-9.190857	-1.829173
	8.693954	5.085666	-27.110610	13.211010	8.444352	90.551417	1.569014	-9.119486	-2.663100
	8.654614	4.535637	-28.947331	12.806973	9.146897	89.807050	1.412617	-9.132816	-3.531774
	8.570695	4.176197	-30.607452	12.617154	9.843119	88.749141	1.175670	-9.292488	-4.382853
	8.348701	3.951944	-32.120807	12.737954	10.787706	87.246551	1.029029	-9.498572	-5.080848
	8.179777	3.402075	-33.405366	13.065980	11.811527	85.353546	0.837881	-9.721393	-5.569796
	7.995905	3.098135	-34.463197	13.440163	13.125698	83.003894	0.549795	-9.988442	-5.953085
	7.734894	2.839940	-35.541560	14.011124	14.315950	80.244552	0.213443	-10.127374	-6.217634
	7.454080	2.436582	-36.381472	14.357287	15.693098	77.188734	-0.095147	-10.252573	-6.389356
	7.184101	1.903346	-37.092260	14.873869	17.187099	73.810944	-0.359506	-10.272474	-6.588318
	6.778718	1.352086	-37.603783	15.407466	18.840846	70.033899	-0.554414	-10.083858	-6.836199
	6.443737	0.929853	-37.943125	15.698847	20.610870	66.107730	-0.583016	-9.952947	-7.417678
	5.985497	0.221809	-38.191073	15.895101	22.389441	61.946664	-0.543968	-9.755614	-7.883388
	5.441533	-0.563561	-38.309345	15.862681	24.360053	57.440838	-0.424121	-9.548206	-8.068126
	4.873898	-1.295531	-38.323779	15.304617	26.150150	52.731312	-0.177452	-9.324731	-8.061934
	4.243560	-1.980969	-38.231379	14.217966	27.629474	47.897756	0.009543	-9.151711	-7.938318
	3.616669	-2.804716	-38.046092	12.759005	28.987711	43.451276	0.121921	-9.042602	-7.792775
	3.221952	-3.478276	-37.804237	11.001906	29.880701	38.466836	0.079878	-9.108681	-7.554586
	2.969468	-4.137827	-37.506633	9.259621	30.168181	33.487434	-0.139525	-9.422320	-7.396219
	2.654791	-4.317894	-37.217434	7.454932	29.798344	29.115713	-0.545804	-10.000867	-7.354878
	2.411540	-4.249720	-36.909639	5.760370	28.856569	24.943977	-1.101994	-10.774970	-7.490242
	2.221887	-3.825748	-36.654518	4.199099	27.929514	21.614287	-1.796494	-11.741647	-7.803917
	1.864581	-3.168619	-36.336895	2.943093	26.597882	18.794910	-2.675068	-13.026976	-8.164875
	1.608362	-2.537747	-36.075641	1.862499	25.466546	16.345371	-3.457249	-14.342926	-8.523854
	1.327019	-1.880879	-35.642427	1.050764	24.425506	14.236826	-4.099288	-15.322492	-8.840328
	1.169469	-1.433706	-35.236597	0.545136	23.716248	12.388237	-4.352952	-15.606305	-9.064654
	1.055808	-1.360248	-34.746227	0.260521	23.141963	10.998713	-4.233067	-15.536910	-9.038165
	0.965237	-1.535987	-34.082406	0.191918	22.707003	9.888309	-4.030064	-14.971973	-8.940482
	0.966257	-1.641988	-33.346094	0.141275	22.318393	9.260302	-3.764621	-13.759102	-8.778574
	0.932519	-2.187175	-32.529687	0.294615	22.108475	9.178688	-3.589172	-12.482219	-8.655128
	0.897053	-2.907785	-31.678807	0.514530	22.454025	9.299428	-3.414563	-11.543048	-8.500624
