hip_X	hip_Y	hip_Z	knee_X	knee_Y	knee_Z	ankle_X	ankle_Y	ankle_Z
	-9.417272	3.703224	-21.638939	6.942763	12.562469	7.463358	-10.349992	-17.607435	-1.039312
	-9.222654	2.924408	-21.359816	7.452140	12.860236	9.305549	-8.335516	-17.124742	-0.316226
	-9.071664	2.297848	-21.068756	7.850698	12.481594	11.707305	-5.611173	-16.444880	0.040846
	-9.045332	1.811533	-21.066367	7.882072	11.083504	14.742702	-2.510463	-14.950543	-0.469194
	-9.139447	1.571900	-21.076937	7.583345	8.801552	18.503881	0.529974	-12.318303	-1.484880
	-9.310246	1.304764	-21.188400	7.023645	6.442928	22.430783	3.116172	-9.630885	-2.997021
	-9.550058	1.097259	-21.317891	6.528464	4.590747	26.187423	4.734779	-7.062248	-4.516973
	-9.974537	0.823408	-21.210620	6.284262	3.183138	29.609701	5.817138	-5.142524	-6.145578
	-10.550448	0.669417	-21.118657	6.476325	2.272237	32.480737	6.236303	-4.000348	-7.869317
	-11.186792	0.617553	-21.037634	6.831916	1.515993	34.704230	6.234110	-3.439514	-9.623494
	-11.924986	0.537557	-21.072349	7.160111	0.937143	36.346170	6.064106	-3.181743	-11.275751
	-12.496635	0.360839	-21.250427	7.419354	0.697410	37.829104	5.883016	-3.105616	-12.820558
	-12.968138	0.230163	-21.456930	7.588776	0.953602	39.009917	5.755872	-3.149551	-14.253394
	-13.346841	0.055261	-21.453489	7.694031	1.541131	39.636736	5.696044	-3.114846	-15.528877
	-13.739983	-0.151329	-21.336585	7.600231	2.286286	39.798374	5.648532	-2.960026	-16.633239
	-13.894500	-0.399850	-21.073315	7.482579	2.890409	39.598459	5.580954	-2.951280	-17.666802
	-13.797618	-0.353616	-20.300527	7.246506	3.313523	39.227079	5.443717	-2.853056	-18.595838
	-13.331173	-0.057583	-19.045489	7.050925	3.735119	38.578924	5.237034	-2.890787	-19.322095
	-12.295701	0.233995	-17.304734	6.812024	4.132901	37.921235	4.954833	-3.012039	-19.944656
	-11.101968	0.614445	-15.396319	6.766193	4.336139	37.058569	4.573444	-3.295068	-20.466650
	-9.847766	0.825380	-13.369759	6.796857	4.440514	35.970667	4.050225	-3.731565	-20.596848
	-8.907736	1.202739	-11.399736	6.996468	4.510677	34.775119	3.412998	-4.186547	-20.662812
	-8.311308	1.689292	-9.407990	7.277096	4.183213	33.398701	2.714409	-4.709995	-20.423298
	-7.942560	2.390286	-7.602782	7.622374	3.533439	31.898151	1.846399	-5.239897	-19.868276
	-7.662136	3.207045	-5.905540	7.941833	2.686270	30.368559	0.941854	-5.611174	-19.093852
	-7.371479	4.004120	-4.307388	8.266338	1.941148	28.968917	-0.093768	-5.997243	-17.992537
	-7.074590	4.739285	-2.927468	8.625507	1.334060	27.728091	-1.181259	-6.504751	-16.583900
	-6.693483	5.518017	-1.677799	8.953895	0.858650	26.473478	-2.276055	-7.078694	-14.955650
	-6.211864	6.192790	-0.355635	9.239125	0.589817	24.993797	-3.352850	-7.767397	-13.049642
	-5.605879	6.735520	0.911061	9.508888	0.591196	23.680464	-4.385283	-8.487114	-10.866161
	-4.912023	7.187343	2.017336	9.791129	0.753588	22.401178	-5.347343	-9.377502	-8.491710
	-4.286776	7.444903	3.123299	10.027979	1.324545	21.184208	-6.235655	-10.307528	-5.965932
	-3.568463	7.575475	4.053925	10.259845	1.934024	20.069045	-7.117536	-11.238267	-3.295668
	-2.887559	7.678549	4.903426	10.483076	2.663890	19.039923	-7.819808	-12.157602	-0.625542
	-2.259254	7.796340	5.673353	10.677743	3.298529	18.138203	-8.332696	-13.160469	2.047446
	-1.635416	7.963521	6.366230	10.847884	3.634458	17.426833	-8.776846	-13.937457	4.651841
	-1.057969	8.143603	6.992526	10.962312	3.775444	16.810264	-8.923129	-14.467227	7.264560
	-0.594507	8.364872	7.640293	11.082930	3.555869	16.494934	-8.971670	-14.773627	9.635898
	-0.286240	8.553641	8.184401	11.210542	3.093538	16.437083	-9.019300	-14.802055	11.822203
	-0.110492	8.859512	8.507995	11.269058	2.316066	16.537800	-8.968101	-14.859687	13.842782
	0.006945	9.149515	8.939644	11.371336	1.648069	17.038821	-8.823806	-14.497362	15.609062
	0.022682	9.296298	9.234786	11.487726	0.963490	17.809748	-8.858655	-13.903903	17.237890
	-0.028656	9.198218	9.456821	11.634735	0.411774	18.918247	-8.980171	-13.147184	18.699029
	-0.087800	8.929566	9.514020	11.836622	0.014072	20.414766	-9.150218	-12.462423	20.009137
	-0.202739	8.696498	9.511377	12.060987	-0.236352	22.220180	-9.333397	-11.798468	20.863743
	-0.369540	8.339663	9.441544	12.235266	-0.393328	24.265151	-9.397752	-11.130615	21.410437
	-0.570535	7.949278	9.196679	12.437699	-0.508443	26.640622	-9.477962	-10.449683	21.512498
	-0.765629	7.619673	9.014247	12.660190	-0.610709	29.106504	-9.420187	-9.986319	21.366212
	-0.875721	7.360015	8.830576	12.900823	-0.765353	31.852996	-9.164119	-9.803085	20.968097
	-0.934792	7.157119	8.617938	13.001109	-1.188016	34.830064	-9.009030	-9.712515	20.501624
	-1.018373	6.969761	8.387934	13.129465	-1.834372	37.881345	-8.749048	-9.782223	19.895678
	-1.078721	6.970546	7.994899	13.214528	-2.567549	41.105482	-8.533316	-9.748631	19.251278
	-1.137516	7.231560	7.521806	13.273817	-3.380258	44.408155	-8.357284	-9.762365	18.475111
	-1.191788	7.778063	7.040554	13.262033	-4.424144	47.642687	-8.308318	-9.823984	17.643708
	-1.280248	8.300886	6.335759	13.225453	-5.741758	50.961709	-8.197533	-9.792242	16.868893
	-1.339612	8.738553	5.508551	13.129499	-6.844632	54.473180	-8.034130	-9.770979	16.100282
	-1.443701	9.164315	4.557839	13.147600	-7.936310	57.934561	-7.750307	-9.852893	15.278894
	-1.543840	9.641329	3.630494	12.899568	-9.092552	60.931401	-7.376200	-9.599338	14.506468
	-1.518697	9.989671	2.497911	12.514955	-10.019669	64.006602	-6.866826	-9.049183	13.771796
	-1.520040	10.239496	1.155182	12.131125	-10.818480	66.853712	-6.323754	-8.698569	12.919904
	-1.554944	10.281000	-0.483287	11.616263	-11.211104	69.641550	-5.748461	-8.519183	11.904559
	-1.668802	10.221737	-2.528530	11.011588	-11.480375	72.334556	-5.135207	-8.264858	10.789168
	-1.721929	9.881137	-4.852257	10.377671	-11.502352	74.786744	-4.494593	-8.038414	9.617108
	-1.588542	9.532808	-7.432882	9.627157	-11.261331	77.118467	-3.861751	-7.703065	8.413446
	-1.355141	9.017292	-10.164921	8.811427	-10.708997	79.257640	-3.358267	-7.661398	7.144487
	-0.998012	8.091978	-12.915507	8.037586	-9.699778	81.205074	-2.809968	-7.557333	5.876081
	-0.514845	6.923451	-15.463665	7.314746	-8.589393	82.820269	-2.276771	-7.465364	4.745626
	-0.349188	5.909860	-17.623049	6.693753	-7.339784	83.865195	-1.812712	-7.720682	3.544081
	-0.330179	4.859187	-19.238519	6.088818	-5.874752	84.411815	-1.436086	-7.935152	2.299369
	-0.394868	3.973111	-20.647783	5.691408	-4.426062	84.513959	-1.217078	-8.271415	1.085356
	-0.383575	3.344256	-21.775693	5.504898	-3.034884	84.065640	-1.103425	-8.460049	-0.021671
	-0.494846	2.821555	-22.763750	5.587198	-2.001858	83.381542	-1.088844	-8.798846	-0.964805
	-0.592992	2.549018	-23.837732	5.669821	-1.296055	82.496616	-1.186940	-9.120466	-1.733627
	-0.625873	2.339808	-24.917798	5.949109	-0.618721	81.298318	-1.408344	-9.318604	-2.393853
	-0.673894	2.123984	-25.897760	6.400673	-0.286692	79.839922	-1.719783	-9.461318	-2.957092
	-0.874071	1.916619	-26.771705	6.890269	0.043983	77.939231	-2.010170	-9.679578	-3.448498
	-1.291802	1.796516	-27.596898	7.678371	0.495757	75.732992	-2.269554	-10.065539	-3.925434
	-1.725392	1.941394	-28.161843	8.471299	0.864283	73.253742	-2.482886	-10.401193	-4.336832
	-2.338469	2.043300	-28.615485	9.265160	1.183136	70.522805	-2.685259	-10.869916	-4.634798
	-2.991317	2.368583	-29.012236	9.879515	1.489673	67.549609	-2.896187	-11.156393	-4.929553
	-3.681800	2.672825	-29.320835	10.292404	1.783197	64.348159	-3.071961	-11.329517	-5.256409
	-4.449802	2.915908	-29.426876	10.637051	2.147029	60.974649	-3.381890	-11.378297	-5.474726
	-5.249544	3.161284	-29.421064	10.920464	2.653345	57.364458	-3.855621	-11.392527	-5.616918
	-5.958430	3.356398	-29.316245	11.079433	3.290305	53.492747	-4.309094	-11.288567	-5.676307
	-6.562576	3.506046	-29.158235	11.356868	4.071538	49.362648	-4.734471	-11.441924	-5.617846
	-7.156903	3.614891	-28.898296	11.594500	4.939219	45.088582	-5.160160	-11.734330	-5.438327
	-7.725041	3.760740	-28.495752	11.703418	5.806793	40.553537	-5.631190	-12.313712	-5.208518
	-8.258982	3.835657	-28.057414	11.667891	6.958411	35.904133	-6.079380	-13.163405	-4.923929
	-8.776282	3.871567	-27.425044	11.519545	8.183323	31.106254	-6.662371	-14.016293	-4.460286
	-9.104175	3.671321	-26.732158	11.046088	9.518045	26.183107	-7.387862	-15.019752	-3.907892
	-9.421269	3.617440	-26.133196	10.338968	10.576410	21.683331	-8.319852	-15.793014	-3.362980
	-9.684381	3.765831	-25.566675	9.582220	11.325889	17.567194	-9.166861	-16.523369	-2.776393
	-9.886347	4.088892	-24.981594	8.715644	11.384686	14.135931	-10.123829	-17.213489	-2.274635
	-10.148019	4.587438	-24.521683	7.867499	11.511837	11.186246	-10.950432	-17.780702	-2.039103
	-10.316730	5.264963	-24.074986	7.117688	11.371618	9.085552	-11.554976	-18.324931	-2.062603
	-10.390766	5.810646	-23.701142	6.619166	11.191201	7.450018	-11.893275	-18.780921	-2.192947
	-10.327341	5.897723	-23.341389	6.235675	10.881572	6.288425	-11.984214	-18.996772	-2.293707
	-10.175306	5.793201	-22.987081	6.021161	10.859524	5.451545	-11.929972	-18.970914	-2.300270
	-9.972190	5.381666	-22.672204	6.022161	10.996485	5.097061	-11.817731	-18.660784	-2.218798
	-9.743909	4.848262	-22.365101	6.176199	11.310261	5.382315	-11.736235	-18.290976	-2.192976
	-9.543614	4.234996	-22.003515	6.524548	11.936654	6.186673	-11.344876	-17.913848	-1.696235
