hip_X	hip_Y	hip_Z	knee_X	knee_Y	knee_Z	ankle_X	ankle_Y	ankle_Z
	0.191942	-2.880290	-24.762207	3.235374	22.312181	14.530441	-11.965705	-16.365731	3.072818
	0.015496	-1.407146	-23.500748	3.131733	23.291792	14.190153	-12.351907	-16.589869	3.587447
	-0.069267	-1.381046	-22.098408	3.026826	23.999277	14.582339	-12.269632	-16.609240	4.104030
	0.006314	-0.876295	-21.461829	3.076648	24.556804	15.807334	-11.206850	-16.487868	4.324795
	-0.065912	-0.398107	-20.381580	3.105113	24.883478	17.055231	-9.960314	-16.447884	4.203701
	-0.137836	-0.673756	-19.790163	3.173087	24.627276	19.022374	-7.669720	-16.493761	3.428222
	-0.247935	-1.211533	-18.558698	2.941502	23.701215	21.392247	-4.370446	-16.195671	2.053891
	-0.499337	-1.373025	-17.910365	2.378065	22.579957	23.607370	-0.898209	-15.326824	0.165890
	-0.999832	-1.692178	-17.295874	1.862459	21.056519	25.758551	2.749529	-13.488390	-1.905888
	-1.416008	-2.112183	-17.547372	1.669589	19.831972	28.197260	5.730172	-11.825942	-3.961200
	-2.021905	-3.017239	-17.049081	1.759868	18.842170	30.541602	7.652889	-10.359272	-5.996007
	-2.449350	-3.646463	-17.730774	1.781250	17.876013	32.178508	8.938990	-9.183613	-7.978321
	-2.916192	-4.218691	-18.359817	2.191422	16.777816	33.405224	9.916781	-8.176073	-9.877372
	-3.613826	-4.707903	-18.041716	2.413242	15.801143	35.560211	10.052364	-7.227905	-11.792674
	-4.188999	-5.089672	-17.073458	2.311910	14.869342	37.390300	9.951842	-6.324079	-13.752937
	-4.909208	-5.491894	-16.346487	1.681484	13.942680	39.040373	9.937484	-5.469208	-15.658995
	-5.060711	-5.410328	-15.887657	1.081196	13.560932	40.637691	9.920116	-4.665756	-17.382716
	-5.026976	-5.722281	-15.011868	0.376260	13.537717	42.011598	9.939021	-4.273978	-18.858608
	-4.735653	-5.881418	-14.031610	-0.378061	13.898629	42.780303	9.931578	-4.208787	-20.117219
	-4.352833	-5.750085	-13.186518	-1.006850	14.192394	43.329306	10.091318	-4.301989	-21.113765
	-4.009230	-5.428872	-12.256879	-1.511832	14.668712	43.612860	10.385657	-4.666393	-22.093689
	-3.690915	-5.079070	-10.967433	-1.897712	14.880719	43.442118	10.586546	-5.026053	-22.897313
	-3.591123	-4.569161	-9.556048	-2.243484	15.024041	42.999401	10.661404	-5.308821	-23.566354
	-3.464298	-4.436131	-8.064786	-2.512242	15.033963	42.482425	10.484771	-5.624327	-24.079111
	-3.405086	-4.444735	-6.449308	-2.608145	14.825761	41.732390	10.300092	-6.079389	-24.415543
	-3.454922	-4.680926	-4.809594	-2.540082	14.490011	40.852846	10.026123	-6.529791	-24.545694
	-3.657394	-4.951376	-3.157806	-2.290652	14.114351	39.811955	9.646532	-6.885921	-24.617486
	-3.869172	-5.217250	-1.574154	-2.038265	13.725166	38.787189	9.109063	-7.315882	-24.436879
	-3.969083	-5.483374	0.152255	-1.613801	13.354257	37.488371	8.462764	-7.804594	-24.022173
	-3.973253	-5.523709	1.842046	-1.193201	12.835675	36.058912	7.724529	-8.329797	-23.463669
	-3.945559	-5.575263	3.582559	-0.666370	12.522996	34.532098	6.927938	-9.014746	-22.666681
	-3.744987	-5.441164	5.338544	-0.181285	11.979036	32.932524	6.065871	-9.661093	-21.622515
	-3.443038	-5.152265	7.106037	0.310808	11.526264	31.343545	5.131397	-10.267451	-20.347064
	-3.094050	-4.683518	8.960042	0.803563	11.133442	29.569864	4.045319	-10.675016	-18.895582
	-2.483698	-4.301244	10.665178	1.351589	11.013801	27.742858	2.878067	-11.334663	-17.268989
	-1.906895	-3.646934	12.289811	1.838002	11.000577	25.956144	1.576989	-12.117521	-15.411590
	-1.353520	-3.145560	13.752160	2.318347	11.047373	24.231223	0.292509	-12.934810	-13.315049
	-0.781390	-2.565686	15.141392	2.758246	11.043170	22.533486	-0.823043	-13.768781	-11.068049
	-0.140385	-1.721422	16.482013	3.049562	11.378351	20.891555	-1.747123	-14.410628	-8.767685
	0.512012	-1.155506	17.734314	3.261987	11.807406	19.365408	-2.465783	-15.209237	-6.421510
	1.253345	-0.591625	18.926997	3.401609	12.272723	18.174371	-3.188918	-15.833364	-4.012547
	1.754852	-0.181860	20.075542	3.573530	12.774681	17.172965	-3.882546	-16.344330	-1.551553
	2.046800	0.353304	21.140486	3.810018	13.107612	16.490922	-4.547870	-16.532925	0.913061
	2.106678	0.692332	22.083633	4.150268	13.554219	16.102034	-5.154018	-16.492298	3.324514
	2.103952	1.122112	22.871873	4.562664	13.981059	15.989800	-5.965589	-16.161916	5.558027
	1.860183	1.590682	23.558838	5.213526	14.402925	16.096604	-6.793339	-15.626548	7.565268
	1.628452	1.915973	23.981863	5.943949	14.955640	16.517129	-7.584091	-14.972468	9.509414
	1.328592	2.195814	24.169291	6.836053	15.724549	17.337260	-8.357999	-14.238938	11.071179
	0.950803	2.320339	24.060074	7.865774	16.660304	18.659740	-8.948843	-13.573866	12.488938
	0.712114	2.504800	23.702171	9.045353	17.731511	20.258242	-9.123332	-12.838745	13.558837
	0.479962	2.702931	23.046492	10.297090	18.753334	22.343673	-8.787119	-12.394828	14.249858
	0.367184	2.765065	22.189023	11.558830	19.354012	25.711308	-7.953677	-11.874773	14.733663
	0.269336	2.697071	21.010922	12.675524	19.418692	29.525170	-6.960462	-11.289409	14.483759
	0.330326	2.896768	19.916811	13.691702	19.130135	33.420098	-5.987330	-10.701658	13.705716
	0.460926	3.237834	18.712655	14.442670	18.344274	37.993740	-5.155792	-10.178024	13.039393
	0.808131	3.713086	17.540899	15.179194	17.121150	42.505847	-4.366426	-9.720033	12.346980
	1.380459	4.518534	16.298899	15.560973	15.630513	47.185503	-3.516630	-9.390230	11.780731
	2.058001	5.278824	15.047990	15.636777	13.921304	51.539336	-2.819218	-9.219289	11.332528
	2.754082	6.300491	13.810539	15.635587	12.330862	56.100158	-2.206893	-9.220764	10.959341
	3.403950	7.258642	12.531306	16.259793	10.716239	60.161549	-1.830458	-9.252267	10.885981
	3.986833	8.158363	11.176791	16.795182	9.200553	64.077670	-1.679463	-9.270066	10.697013
	4.535015	8.758578	9.783513	16.419716	7.885653	67.861634	-1.657285	-9.265315	10.533807
	5.081031	9.297987	8.339217	15.830752	6.732748	71.502021	-1.487843	-9.193103	10.213797
	5.597357	9.663262	6.866857	15.525623	5.715750	74.661258	-1.396848	-9.043748	9.816660
	6.157763	9.951774	5.413155	15.106716	4.974288	77.568885	-1.173071	-8.853934	9.280205
	6.837758	9.809995	3.866429	14.921158	4.417137	80.582279	-0.814378	-8.693064	8.690531
	7.332044	9.384694	2.029583	14.226101	4.024818	83.643570	-0.515330	-8.567172	7.966335
	7.928149	8.994855	-0.266455	13.597578	3.850554	86.552296	-0.065070	-8.494279	7.271903
	8.158218	8.442111	-2.735613	13.029672	3.832707	89.332885	0.408501	-8.325802	6.418905
	8.366161	7.871599	-5.217564	12.518641	3.739075	91.788378	1.109205	-8.300336	5.544996
	8.406966	7.206928	-7.635142	12.008551	3.814708	93.937000	1.757757	-8.333144	4.732647
	8.421388	6.383775	-10.284626	11.666981	3.968571	95.617993	2.462819	-8.331951	3.941290
	8.469157	5.683201	-12.906646	11.308357	4.170171	96.840501	2.989996	-8.540832	3.262845
	8.645608	5.100957	-15.316293	11.055969	4.424097	97.660408	3.461544	-8.735511	2.601110
	8.868420	4.579943	-17.682542	10.998248	4.829819	97.960306	3.842712	-8.960624	2.057614
	9.093131	4.173500	-19.883713	10.990194	5.329657	98.022540	4.065507	-9.264317	1.699001
	9.199602	3.827715	-22.081386	11.097962	5.952806	97.589328	4.157844	-9.405028	1.321962
	9.293308	3.583888	-24.147957	11.298827	6.593161	96.777289	4.151682	-9.389913	0.902479
	9.362758	3.405242	-25.982487	11.574465	7.313682	95.498957	4.100201	-9.162842	0.383192
	9.281823	3.235416	-27.528778	11.752763	8.193031	93.810933	4.081565	-9.002259	-0.038245
	9.081818	3.075070	-29.005662	12.010160	9.027619	91.870873	4.093090	-8.773195	-0.508868
	9.171225	2.826936	-30.424651	12.283815	9.893640	89.689969	4.122912	-8.637787	-0.855494
	8.907692	2.720187	-31.549036	12.368584	10.806524	86.994928	4.110566	-8.553296	-1.054094
	8.447870	2.564451	-32.544695	12.446597	11.701172	84.086479	4.149174	-8.487341	-1.112014
	8.028329	2.196182	-33.327648	12.453049	12.651626	80.827806	4.079198	-8.428443	-1.152389
	7.373758	2.068469	-33.873265	12.493661	13.506523	77.274128	4.029048	-8.415402	-1.270056
	6.698210	1.519189	-34.090677	12.580136	14.334089	73.631208	3.879568	-8.413956	-1.383163
	6.036988	0.846526	-34.506655	12.690496	15.342366	69.399925	3.573518	-8.532436	-1.597725
	5.396130	0.056409	-34.440729	12.754970	16.388431	65.060750	3.228406	-8.786169	-1.667830
	4.692840	-0.822137	-34.415224	12.721228	17.639670	60.449454	2.809920	-9.134362	-1.585737
	4.024263	-1.964037	-34.240898	12.474542	19.036183	55.575847	2.219494	-9.709700	-1.539166
	3.500948	-3.007222	-33.736474	11.951676	20.439087	50.354597	1.426965	-10.475702	-1.339525
	3.120396	-4.315165	-32.772674	11.199667	21.887770	45.117456	0.700427	-11.476860	-1.157051
	2.891680	-5.535685	-31.715756	10.147678	23.039327	39.966057	0.010897	-12.480584	-0.634264
	2.636987	-6.305470	-31.204951	8.765246	23.702626	34.772220	-0.918896	-13.226023	-0.212965
	2.312020	-6.694467	-30.430571	7.525834	23.751996	30.148166	-2.074607	-13.870264	0.146917
	1.958629	-6.608092	-29.333300	6.298702	23.350156	26.051733	-3.187317	-14.360777	0.557065
	1.732688	-6.003660	-28.256836	5.236743	22.592965	22.350861	-4.711498	-14.801987	0.965011
	1.143393	-5.294031	-27.234421	4.408726	21.892657	19.555748	-6.430152	-15.137073	1.499129
	0.724443	-4.361131	-26.345332	3.791215	21.697537	17.346531	-8.555612	-15.612031	2.168949
	0.426883	-3.228957	-25.724140	3.462591	21.561861	15.603093	-10.617651	-16.083724	2.630824
