Time	Hip_Z	Hip_X	Hip_Y	Knee_Z	Knee_X	Knee_Y	Ankle_Z	Ankle_X	Ankle_Y
0	-27.588483	-1.292349	-10.911472	16.487254	8.063434	21.393042	-4.412559	0.660736	-11.169
1	-27.620858	-1.452186	-11.123927	19.574302	7.876392	20.333882	-3.99725	2.449872	-9.607686
2	-27.760668	-1.577566	-11.143085	22.916438	7.288713	18.903692	-4.423104	4.249568	-7.751185
3	-27.990624	-1.720301	-10.982754	26.372059	6.468826	17.299405	-5.634976	5.892749	-5.750747
4	-28.263484	-1.925557	-10.731538	29.767708	5.73157	15.827214	-7.343939	7.167229	-3.910093
5	-28.482766	-2.241522	-10.460735	32.934132	5.279591	14.625202	-9.279346	7.960998	-2.45444
6	-28.530345	-2.713605	-10.197363	35.724971	5.079333	13.602965	-11.287501	8.313674	-1.357736
7	-28.343267	-3.332619	-9.988384	38.036217	4.98681	12.650612	-13.263779	8.364747	-0.455381
8	-27.957006	-4.00321	-9.924549	39.82893	4.895563	11.7991	-15.11013	8.286088	0.369883
9	-27.46386	-4.58475	-10.088484	41.11962	4.781334	11.20028	-16.761379	8.202404	1.111096
10	-26.92207	-4.961311	-10.477447	41.951551	4.662564	10.995436	-18.200885	8.160774	1.673396
11	-26.259804	-5.074083	-11.001881	42.333071	4.531754	11.221624	-19.425098	8.162464	1.984393
12	-25.32819	-4.997474	-11.556314	42.310318	4.35623	11.719619	-20.464528	8.175974	2.123311
13	-24.016954	-4.813416	-12.08549	41.886145	4.128151	12.335076	-21.321934	8.160733	2.163774
14	-22.332717	-4.574679	-12.534757	41.095553	3.882267	12.935173	-21.986491	8.075028	2.120882
15	-20.371738	-4.315969	-12.848814	40.000531	3.669084	13.413553	-22.43149	7.881996	1.977205
16	-18.24784	-4.089604	-12.980348	38.666049	3.511672	13.664079	-22.622088	7.555337	1.743978
17	-16.043043	-3.947962	-12.904897	37.142001	3.41312	13.623909	-22.522346	7.087699	1.443159
18	-13.80329	-3.906381	-12.629229	35.454418	3.388829	13.328686	-22.093662	6.49134	1.067298
19	-11.564108	-3.944458	-12.168247	33.626747	3.456507	12.84916	-21.304734	5.790093	0.619075
20	-9.360127	-4.028001	-11.526811	31.701061	3.616646	12.22246	-20.152016	5.009378	0.13353
21	-7.216072	-4.124928	-10.700575	29.714218	3.885647	11.516534	-18.640587	4.16352	-0.40946
22	-5.124195	-4.202632	-9.731532	27.678671	4.275525	10.899662	-16.834119	3.280397	-1.090684
23	-3.064248	-4.214384	-8.651268	25.572634	4.757527	10.519701	-14.735925	2.398997	-1.954995
24	-1.020683	-4.106714	-7.484717	23.37357	5.242694	10.448631	-12.318691	1.555213	-3.016735
25	0.998048	-3.849327	-6.255195	21.087721	5.637785	10.699627	-9.548138	0.767114	-4.3535
26	2.967821	-3.447331	-4.991335	18.756616	5.894942	11.267361	-6.438714	0.058335	-6.087332
27	4.861528	-2.938927	-3.717659	16.44496	6.015719	12.118289	-3.092783	-0.546734	-8.221747
28	6.649783	-2.384908	-2.456141	14.23341	6.031572	13.140926	0.307386	-1.070307	-10.545211
29	8.299986	-1.852454	-1.255539	12.2196	5.979306	14.13089	3.519481	-1.562696	-12.7088
30	9.770153	-1.403831	-0.194179	10.515915	5.89002	14.863584	6.306055	-2.027437	-14.384116
31	10.981321	-1.09632	0.651081	9.288972	5.803504	15.175238	8.49539	-2.418429	-15.301078
32	11.897646	-0.927178	1.297174	8.63028	5.778505	15.173024	10.156825	-2.760343	-15.488301
33	12.493073	-0.873214	1.765608	8.628597	5.8785	15.123195	11.357697	-3.129168	-15.138346
34	12.779745	-0.909305	2.05481	9.312233	6.143488	15.303183	12.125321	-3.546307	-14.565303
35	12.80123	-1.025809	2.142428	10.649433	6.58421	15.819732	12.449676	-3.941508	-14.025042
36	12.610771	-1.229835	2.006528	12.565095	7.217078	16.642278	12.361363	-4.227976	-13.663828
37	12.254747	-1.535445	1.645507	14.952085	8.080692	17.715641	11.987529	-4.391341	-13.550647
38	11.773975	-1.939764	1.096423	17.6973	9.199334	18.94483	11.503806	-4.506136	-13.651832
39	11.212017	-2.4081	0.435983	20.721299	10.54308	20.142163	11.040953	-4.665564	-13.810499
40	10.614179	-2.884826	-0.240623	23.997309	12.022361	21.064133	10.646005	-4.896441	-13.831507
41	10.025403	-3.30056	-0.824247	27.562549	13.497419	21.443466	10.300304	-5.133285	-13.600368
42	9.487314	-3.603691	-1.232261	31.408112	14.827889	21.204804	9.958689	-5.274171	-13.175822
43	9.039202	-3.763646	-1.415435	35.504049	15.918861	20.362339	9.616205	-5.252444	-12.613185
44	8.708835	-3.777698	-1.37599	39.77511	16.732052	19.032322	9.301277	-5.058635	-11.956999
45	8.497531	-3.665368	-1.158553	44.133493	17.283754	17.382557	9.045957	-4.7351	-11.275688
46	8.375451	-3.455992	-0.821041	48.516957	17.627129	15.568739	8.851412	-4.355546	-10.652071
47	8.29081	-3.179142	-0.412813	52.897518	17.840494	13.705209	8.660865	-4.017909	-10.129133
48	8.186147	-2.862496	0.01864	57.267653	18.002278	11.873366	8.393617	-3.813251	-9.687769
49	8.011133	-2.528164	0.421572	61.626151	18.127964	10.123624	8.026226	-3.756005	-9.290982
50	7.72291	-2.185787	0.768624	65.970847	18.130701	8.461383	7.60459	-3.763143	-8.905626
51	7.266034	-1.833398	1.071214	70.284054	17.877635	6.887672	7.186054	-3.705823	-8.517209
52	6.623026	-1.468427	1.351704	74.533965	17.443843	5.436802	6.795437	-3.530016	-8.221371
53	5.7831	-1.088074	1.595934	78.690382	17.005142	4.158459	6.436771	-3.261358	-8.162426
54	4.763948	-0.683209	1.758809	82.72199	16.617682	3.093465	6.111595	-2.91284	-8.324981
55	3.633085	-0.233375	1.794957	86.569953	16.180996	2.303461	5.809475	-2.436908	-8.480547
56	2.472352	0.287033	1.699856	90.166851	15.58105	1.839242	5.476896	-1.825353	-8.402361
57	1.287	0.890423	1.513754	93.485283	14.77213	1.693299	5.027138	-1.167319	-8.086002
58	-0.028003	1.557298	1.291188	96.548589	13.815918	1.799879	4.43087	-0.523887	-7.72845
59	-1.629952	2.23721	1.067734	99.403157	12.872407	2.053301	3.747613	0.114625	-7.522446
60	-3.642023	2.866912	0.830991	102.081641	12.074389	2.366277	3.049517	0.719221	-7.517618
61	-6.102235	3.381474	0.5213	104.548691	11.472732	2.716536	2.392325	1.223027	-7.708391
62	-8.833702	3.773762	0.106195	106.741198	11.044964	3.099611	1.81101	1.620642	-8.084273
63	-11.640826	4.074043	-0.410875	108.558526	10.767438	3.513121	1.308149	1.925874	-8.636878
64	-14.359526	4.323007	-0.996894	109.913162	10.558208	3.975246	0.843702	2.161032	-9.286468
65	-16.918519	4.537108	-1.598386	110.758596	10.284936	4.521498	0.362711	2.352718	-9.887834
66	-19.338929	4.711705	-2.154471	111.089787	9.892951	5.156089	-0.131716	2.519549	-10.350506
67	-21.672431	4.839984	-2.613746	110.922221	9.431386	5.841805	-0.559228	2.656894	-10.69696
68	-23.950023	4.915365	-2.955803	110.277983	8.937264	6.547773	-0.857713	2.748404	-10.98122
69	-26.177359	4.928093	-3.204932	109.18374	8.448368	7.245495	-1.022924	2.789173	-11.242557
70	-28.346101	4.870033	-3.418654	107.670644	8.052275	7.893185	-1.061387	2.792539	-11.471185
71	-30.421126	4.752098	-3.680092	105.746573	7.817005	8.489323	-1.033134	2.764481	-11.566296
72	-32.366185	4.630293	-4.041434	103.483055	7.716094	9.095432	-1.094957	2.681679	-11.485809
73	-34.151285	4.543683	-4.477502	100.908961	7.725959	9.743883	-1.31764	2.542118	-11.264111
74	-35.763522	4.485251	-4.912938	98.042553	7.837272	10.42974	-1.628996	2.401519	-10.939975
75	-37.193432	4.432178	-5.309765	94.896266	8.070386	11.160685	-1.921445	2.304804	-10.549037
76	-38.428473	4.381782	-5.689267	91.483673	8.470472	11.976182	-2.125764	2.245824	-10.14067
77	-39.45787	4.33812	-6.074065	87.820175	9.058682	12.91252	-2.230237	2.208217	-9.765861
78	-40.283537	4.300848	-6.46568	83.924515	9.794086	13.987077	-2.311381	2.177939	-9.460464
79	-40.917516	4.278427	-6.87077	79.808372	10.61627	15.221058	-2.492556	2.124023	-9.222289
80	-41.367062	4.283173	-7.306382	75.46024	11.496857	16.643774	-2.839476	2.016465	-9.018513
81	-41.624316	4.309215	-7.77713	70.834112	12.41552	18.269175	-3.322698	1.848586	-8.833909
82	-41.712767	4.323634	-8.256123	65.927367	13.320412	20.036904	-3.848607	1.638839	-8.723417
83	-41.622192	4.290475	-8.713434	60.717535	14.142072	21.89897	-4.343894	1.400062	-8.800788
84	-41.317202	4.189606	-9.125645	55.195042	14.771533	23.823141	-4.723082	1.156476	-9.138672
85	-40.7612	4.021935	-9.458717	49.392735	15.073216	25.765077	-4.928581	0.94713	-9.727796
86	-39.958779	3.77435	-9.618728	43.426337	14.933672	27.584741	-4.98268	0.805445	-10.517076
87	-38.97553	3.398483	-9.455891	37.511431	14.293989	28.99555	-4.957098	0.70919	-11.410676
88	-37.906882	2.844014	-8.855405	31.910358	13.198329	29.662317	-4.933786	0.544717	-12.282118
89	-36.826917	2.111877	-7.819039	26.842648	11.797238	29.390411	-4.997114	0.176289	-13.012554
90	-35.761565	1.294717	-6.504088	22.427659	10.274986	28.266968	-5.204422	-0.445829	-13.502733
91	-34.698063	0.574288	-5.230481	18.720036	8.824885	26.674728	-5.550732	-1.274501	-13.708882
92	-33.616287	0.072474	-4.305267	15.58879	7.606883	25.17982	-5.946327	-2.173438	-13.768768
93	-32.501009	-0.199708	-3.875684	12.967223	6.718533	24.148187	-6.304482	-3.009292	-13.872386
94	-31.345301	-0.305356	-3.937289	10.840878	6.166618	23.702704	-6.553462	-3.63265	-14.144196
95	-30.174489	-0.33943	-4.382366	9.260987	5.896477	23.698174	-6.665412	-3.93659	-14.517659
96	-29.058333	-0.396992	-5.063188	8.327496	5.864047	23.832141	-6.667406	-3.937589	-14.779193
97	-28.086349	-0.538255	-5.84595	8.138473	6.048381	23.84416	-6.588261	-3.746015	-14.745382
98	-27.326824	-0.768861	-6.639685	8.727144	6.409302	23.647083	-6.379116	-3.426618	-14.389957
99	-26.801881	-1.049905	-7.399749	10.038511	6.864835	23.266694	-5.900295	-2.89086	-13.780248
100	-26.490151	-1.321333	-8.119467	11.960092	7.294341	22.708554	-5.036209	-1.948148	-12.923289
