Time	Hip_Z	Hip_X	Hip_Y	Knee_Z	Knee_X	Knee_Y	Ankle_Z	Ankle_X	Ankle_Y
0	-27.896146	-2.195922	-4.415164	12.009283	4.402048	26.90078	15.088952	-10.966257	-12.916213
1	-27.91736	-2.400125	-5.037007	14.284097	5.214318	27.151539	15.205015	-10.510516	-12.84743
2	-27.933215	-2.578439	-5.806368	17.076915	6.027123	27.215155	14.591832	-9.16913	-12.737435
3	-27.895551	-2.665987	-6.782158	20.386554	6.695888	27.073223	12.642179	-7.189859	-12.472489
4	-27.777372	-2.660155	-7.937182	24.128123	7.186337	26.768875	9.113429	-5.047569	-11.933736
5	-27.572374	-2.629751	-9.135126	28.022424	7.639493	26.476165	4.581795	-3.227728	-11.256036
6	-27.282414	-2.682793	-10.167023	31.698878	8.21757	26.264637	-0.026271	-1.94491	-10.743152
7	-26.896023	-2.951548	-10.830646	34.876077	8.853789	25.798817	-4.073982	-1.011045	-10.292234
8	-26.414204	-3.492467	-11.136969	37.554306	9.324145	24.771721	-7.476009	-0.088747	-9.482879
9	-25.876067	-4.260364	-11.212559	39.806125	9.590877	23.364557	-10.343355	0.874456	-8.30834
10	-25.371006	-5.131844	-11.166816	41.71615	9.767684	21.959382	-12.821701	1.744631	-7.091401
11	-24.971745	-5.965048	-11.066853	43.37554	9.964479	20.818978	-15.035995	2.386529	-6.138622
12	-24.660339	-6.665823	-10.958231	44.84006	10.212837	20.020051	-17.042505	2.776294	-5.551098
13	-24.340756	-7.182847	-10.87277	46.120672	10.455279	19.50115	-18.83565	2.927317	-5.236358
14	-23.913298	-7.493785	-10.833512	47.216013	10.582236	19.118933	-20.399154	2.831266	-5.022532
15	-23.328912	-7.61687	-10.833268	48.106561	10.55843	18.794257	-21.71743	2.512526	-4.846166
16	-22.562664	-7.590795	-10.853102	48.750342	10.422315	18.534546	-22.768023	2.037271	-4.729563
17	-21.612009	-7.462697	-10.884999	49.119193	10.212823	18.366453	-23.553376	1.486849	-4.678866
18	-20.482359	-7.267948	-10.935707	49.201841	9.944974	18.312676	-24.08396	0.93614	-4.676013
19	-19.168271	-7.02654	-11.013497	48.991047	9.636822	18.386285	-24.322995	0.472969	-4.706741
20	-17.667773	-6.771939	-11.088755	48.491133	9.31265	18.53244	-24.217151	0.132691	-4.762117
21	-16.018742	-6.548375	-11.110117	47.752886	8.971147	18.634479	-23.829852	-0.160849	-4.792364
22	-14.245585	-6.382161	-11.039299	46.800829	8.6021	18.598292	-23.193168	-0.47617	-4.730842
23	-12.371976	-6.279674	-10.835983	45.661953	8.245479	18.377208	-22.261747	-0.863035	-4.634659
24	-10.418274	-6.219938	-10.451291	44.354063	7.984892	17.998371	-20.959599	-1.347968	-4.680724
25	-8.398969	-6.149646	-9.857585	42.880749	7.866689	17.54614	-19.269088	-1.904434	-4.993071
26	-6.309671	-5.988645	-9.034078	41.233414	7.832432	17.065301	-17.193366	-2.439117	-5.558786
27	-4.150539	-5.692964	-8.014897	39.441432	7.777103	16.554887	-14.857473	-2.888953	-6.241085
28	-1.919696	-5.224953	-6.81439	37.501041	7.669734	16.045341	-12.348869	-3.264838	-6.976421
29	0.360321	-4.560132	-5.46242	35.408346	7.52332	15.606045	-9.669534	-3.571016	-7.754131
30	2.633999	-3.702439	-4.015938	33.17474	7.386942	15.333085	-6.750776	-3.783064	-8.640101
31	4.834226	-2.681286	-2.555199	30.838019	7.299232	15.298521	-3.576243	-3.909597	-9.720518
32	6.892468	-1.525818	-1.148399	28.460978	7.236616	15.497473	-0.172141	-3.970949	-11.016824
33	8.764462	-0.298691	0.186129	26.127292	7.142389	15.821636	3.387917	-3.969249	-12.436674
34	10.406962	0.920826	1.437166	23.917738	6.989969	16.165687	7.000646	-3.933515	-13.867767
35	11.79841	2.043257	2.560765	21.897914	6.771102	16.431451	10.537772	-3.914386	-15.166404
36	12.959702	2.983231	3.488027	20.100475	6.505433	16.563357	13.877082	-3.930297	-16.20151
37	13.93612	3.674504	4.167607	18.538724	6.256895	16.568042	16.907539	-3.977494	-16.907161
38	14.761988	4.066045	4.579163	17.243005	6.113032	16.465513	19.518676	-4.056673	-17.231461
39	15.459748	4.163295	4.76286	16.237781	6.139332	16.287163	21.697282	-4.16529	-17.169386
40	16.036384	4.01094	4.78014	15.535948	6.372451	16.117868	23.519162	-4.298343	-16.786733
41	16.480501	3.641864	4.659368	15.175391	6.852208	16.095691	25.035651	-4.444725	-16.190357
42	16.776886	3.09419	4.401976	15.210216	7.602564	16.361659	26.229214	-4.594463	-15.544378
43	16.909142	2.413074	3.988253	15.715768	8.612875	16.967077	26.991005	-4.757249	-14.981649
44	16.856764	1.646154	3.38791	16.796306	9.84084	17.834102	27.192892	-4.942078	-14.532565
45	16.602355	0.86161	2.608641	18.560728	11.22003	18.783284	26.788746	-5.103719	-14.184003
46	16.169152	0.154829	1.768213	20.971945	12.671324	19.629149	25.903422	-5.176728	-13.960717
47	15.574431	-0.391413	1.005594	24.012102	14.147195	20.20297	24.633198	-5.128704	-13.881539
48	14.854982	-0.73357	0.415454	27.642614	15.574886	20.328728	23.093013	-4.942686	-13.86737
49	14.067994	-0.864901	0.01898	31.784675	16.852008	19.918762	21.435097	-4.607672	-13.820611
50	13.270951	-0.803067	-0.190181	36.295825	17.92391	19.040366	19.806375	-4.182413	-13.741524
51	12.506304	-0.575769	-0.186133	40.995519	18.813186	17.814132	18.244455	-3.907197	-13.663721
52	11.77749	-0.259786	0.018789	45.683543	19.638151	16.397657	16.734566	-3.988613	-13.580388
53	11.069093	0.102429	0.435106	50.253603	20.495133	14.83868	15.422318	-4.400336	-13.544734
54	10.356466	0.49	1.061969	54.669077	21.440028	13.126035	14.489035	-4.966937	-13.620899
55	9.605131	0.897529	1.881514	58.96011	22.443201	11.199571	13.963727	-5.561283	-13.764202
56	8.768279	1.31633	2.853186	63.190066	23.405628	9.013353	13.724351	-6.144392	-13.870126
57	7.785693	1.727396	3.898476	67.401097	24.209388	6.600051	13.584906	-6.615315	-13.883247
58	6.644504	2.121539	4.882641	71.567312	24.810037	4.138125	13.354572	-6.808197	-13.836361
59	5.333882	2.500116	5.678779	75.629603	25.225861	1.810654	12.92206	-6.677466	-13.762676
60	3.78932	2.854758	6.197157	79.559646	25.509664	-0.265818	12.240202	-6.304507	-13.68264
61	1.914527	3.157259	6.385674	83.360564	25.725503	-2.045197	11.327514	-5.814579	-13.615314
62	-0.332911	3.378068	6.228345	87.025819	25.926024	-3.52712	10.255069	-5.313156	-13.571484
63	-2.900334	3.510518	5.773914	90.49293	26.132674	-4.746823	9.110756	-4.844223	-13.535362
64	-5.64878	3.570026	5.180469	93.665108	26.316693	-5.792671	7.980588	-4.37818	-13.437351
65	-8.474557	3.560908	4.585018	96.467206	26.414648	-6.715298	6.90693	-3.87742	-13.214361
66	-11.340975	3.483192	4.060065	98.833995	26.36148	-7.498081	5.87982	-3.329059	-12.878317
67	-14.231926	3.353613	3.650968	100.72743	26.127409	-8.105776	4.862677	-2.731916	-12.48207
68	-17.113592	3.201987	3.371422	102.125566	25.72522	-8.493842	3.836464	-2.097066	-12.04017
69	-19.926576	3.056364	3.210719	103.001493	25.18244	-8.613451	2.826896	-1.444845	-11.525764
70	-22.605359	2.930316	3.133487	103.330445	24.544376	-8.427442	1.889744	-0.795287	-10.925425
71	-25.121664	2.82224	3.087822	103.172982	23.877409	-7.962524	0.997959	-0.208436	-10.280653
72	-27.453008	2.724357	3.04719	102.547955	23.210522	-7.245381	0.036249	0.218722	-9.643916
73	-29.581569	2.632426	2.976787	101.483886	22.566121	-6.317892	-1.081058	0.446475	-9.11225
74	-31.482295	2.556306	2.824078	100.001971	21.955066	-5.198057	-2.2737	0.54752	-8.754127
75	-33.120286	2.508286	2.545467	98.102532	21.343948	-3.868928	-3.329372	0.650495	-8.4887
76	-34.439077	2.477851	2.09969	95.741465	20.717444	-2.311197	-4.057904	0.833108	-8.231547
77	-35.486479	2.409571	1.507224	92.996614	20.141948	-0.620858	-4.509362	1.051676	-8.056326
78	-36.273881	2.249519	0.775934	89.901487	19.677189	1.134194	-4.778483	1.25516	-8.05707
79	-36.797041	1.98868	-0.107924	86.479478	19.325005	2.949881	-4.968179	1.418418	-8.255735
80	-37.064282	1.647858	-1.141695	82.727404	19.092895	4.849359	-5.160097	1.505477	-8.606765
81	-37.110132	1.234975	-2.271103	78.628458	19.051104	6.837133	-5.356204	1.481961	-9.063468
82	-36.958924	0.757194	-3.436369	74.153438	19.214966	8.95247	-5.4124	1.37826	-9.593706
83	-36.65721	0.262794	-4.611112	69.358419	19.399446	11.236907	-5.293948	1.21268	-10.144091
84	-36.243369	-0.196082	-5.795295	64.301435	19.418703	13.688618	-5.07299	0.958161	-10.702991
85	-35.740963	-0.575551	-6.99057	59.041521	19.121355	16.245529	-4.664091	0.600335	-11.217432
86	-35.160347	-0.85409	-8.170807	53.654273	18.39677	18.769377	-3.890149	0.156163	-11.531228
87	-34.507338	-1.035909	-9.26915	48.228895	17.21012	21.08395	-2.70743	-0.265654	-11.531885
88	-33.78664	-1.120455	-10.199214	42.884513	15.556857	23.006067	-1.210341	-0.541608	-11.322719
89	-33.025645	-1.128476	-10.886883	37.74849	13.586419	24.461424	0.464533	-0.676866	-11.210416
90	-32.277361	-1.144568	-11.246049	32.916273	11.554375	25.485746	2.193721	-0.742945	-11.362341
91	-31.596802	-1.275908	-11.167768	28.509861	9.622504	26.055683	3.849158	-0.810256	-11.72681
92	-31.023524	-1.587543	-10.625395	24.643032	7.90003	26.209474	5.303559	-0.971724	-12.230372
93	-30.570323	-2.075865	-9.725934	21.380411	6.499394	26.159198	6.486114	-1.311226	-12.878192
94	-30.22649	-2.693197	-8.663178	18.768157	5.49585	26.160274	7.427257	-1.824802	-13.627627
95	-29.961294	-3.363485	-7.682802	16.830476	4.913592	26.416659	8.235816	-2.392377	-14.318818
96	-29.721464	-3.999823	-6.979071	15.444557	4.69275	27.059436	9.000954	-2.872726	-14.837733
97	-29.459496	-4.542145	-6.654437	14.538099	4.77638	28.121219	9.744107	-3.206358	-15.154302
98	-29.133992	-4.973248	-6.709571	14.067516	5.087414	29.45418	10.466078	-3.437234	-15.248832
99	-28.722835	-5.325881	-7.056921	14.011688	5.570106	30.835411	11.174777	-3.634389	-15.102979
100	-28.236859	-5.655467	-7.557553	14.366831	6.202476	32.06616	11.875781	-3.806484	-14.755291
