Time	Hip_Z	Hip_X	Hip_Y	Knee_Z	Knee_X	Knee_Y	Ankle_Z	Ankle_X	Ankle_Y
0	-17.652408	-3.606701	-12.927158	10.528516	6.276712	25.8981	-8.584959	-9.806962	-13.396168
1	-17.300265	-3.798935	-13.370346	11.617825	6.71757	26.04671	-8.357725	-9.627177	-12.485945
2	-16.897322	-4.091998	-13.655601	12.889296	7.25959	26.009659	-7.727203	-9.346877	-11.53256
3	-16.423773	-4.468634	-13.750828	14.276032	7.825115	25.715613	-6.598171	-8.803112	-10.505124
4	-15.872013	-4.903674	-13.634273	15.747381	8.303308	25.08036	-5.144635	-7.785583	-9.390835
5	-15.271967	-5.360361	-13.347695	17.333083	8.582436	24.079013	-3.813921	-6.204791	-8.204251
6	-14.718208	-5.780891	-13.079046	19.149331	8.566512	22.856645	-3.196565	-4.1676	-6.951061
7	-14.346938	-6.124255	-13.122524	21.283033	8.361512	21.89382	-3.515359	-2.021092	-5.725013
8	-14.263766	-6.420933	-13.601226	23.750458	8.232505	21.635178	-4.613493	-0.068822	-4.7819
9	-14.514415	-6.779625	-14.310354	26.517236	8.448668	22.078172	-6.192095	1.468223	-4.40705
10	-15.067354	-7.324421	-14.837737	29.503781	9.093162	22.657188	-8.014232	2.460883	-4.596635
11	-15.798524	-8.112736	-14.841299	32.558558	9.992938	22.584722	-9.953997	2.891965	-4.958075
12	-16.461188	-9.072094	-14.263672	35.442371	10.830438	21.509821	-11.879582	2.95307	-5.048971
13	-16.836599	-10.083065	-13.258633	37.969017	11.454245	19.720385	-13.70167	2.861765	-4.813583
14	-16.806887	-11.039811	-12.005	40.025608	11.876176	17.68167	-15.412684	2.740219	-4.414977
15	-16.372441	-11.830691	-10.694069	41.581524	12.130563	15.817124	-17.022735	2.687263	-4.001748
16	-15.60282	-12.360356	-9.471502	42.652387	12.184862	14.337718	-18.488222	2.784175	-3.578439
17	-14.560451	-12.584581	-8.404989	43.251318	12.007995	13.28642	-19.740682	3.029391	-3.130783
18	-13.316944	-12.572385	-7.477092	43.473168	11.70843	12.610678	-20.823548	3.310157	-2.765229
19	-11.905342	-12.382142	-6.707777	43.363574	11.393574	12.329943	-21.803316	3.56172	-2.521756
20	-10.369183	-12.072874	-6.157931	42.970252	11.077929	12.407836	-22.726621	3.780259	-2.266173
21	-8.763695	-11.692251	-5.893157	42.344355	10.700355	12.735582	-23.555124	3.991307	-1.86912
22	-7.140536	-11.273684	-5.977648	41.500406	10.256975	13.24698	-24.154017	4.214447	-1.401068
23	-5.525349	-10.851346	-6.32205	40.491442	9.822101	13.873383	-24.49997	4.44082	-1.023176
24	-3.915206	-10.447169	-6.832448	39.352253	9.423164	14.529941	-24.634595	4.620704	-0.781452
25	-2.29842	-10.074233	-7.42542	38.105577	9.077396	15.135214	-24.614596	4.648567	-0.659138
26	-0.666216	-9.733252	-8.042989	36.752587	8.822453	15.681134	-24.4244	4.440768	-0.664961
27	0.980775	-9.4139	-8.620252	35.289773	8.667401	16.169995	-23.957836	3.990625	-0.825488
28	2.630843	-9.0922	-9.078815	33.757184	8.547448	16.547296	-23.185095	3.364005	-1.077309
29	4.276158	-8.737953	-9.355552	32.185284	8.432869	16.789263	-22.119721	2.5904	-1.384281
30	5.916867	-8.319964	-9.42451	30.562935	8.315715	16.935354	-20.747608	1.691753	-1.767571
31	7.544794	-7.819307	-9.30903	28.881792	8.172824	17.03782	-19.051126	0.710927	-2.251584
32	9.133325	-7.226973	-9.048033	27.179477	7.988135	17.141846	-17.032582	-0.300364	-2.847335
33	10.668747	-6.53958	-8.666755	25.509536	7.75326	17.274643	-14.735846	-1.265407	-3.487089
34	12.169032	-5.760408	-8.165021	23.890665	7.467646	17.44949	-12.206868	-2.109242	-4.101542
35	13.649465	-4.897142	-7.533122	22.335005	7.145922	17.691603	-9.451281	-2.79341	-4.738704
36	15.110493	-3.968567	-6.771326	20.870075	6.80949	18.000415	-6.490868	-3.317616	-5.509195
37	16.536799	-2.996912	-5.880253	19.532203	6.492242	18.351783	-3.374402	-3.71813	-6.502196
38	17.888483	-2.020679	-4.849302	18.35889	6.266242	18.71244	-0.153033	-4.067496	-7.726324
39	19.115048	-1.086965	-3.67832	17.365126	6.191908	18.994095	3.103884	-4.433979	-9.073186
40	20.163741	-0.219357	-2.367518	16.59701	6.302661	19.066107	6.30581	-4.845759	-10.428084
41	21.002639	0.574521	-0.969061	16.097842	6.595628	18.849252	9.346205	-5.299818	-11.681745
42	21.604572	1.273379	0.428623	15.917058	7.045832	18.344937	12.125051	-5.757517	-12.759538
43	21.916276	1.818017	1.711581	16.171646	7.621315	17.563276	14.486726	-6.12819	-13.595622
44	21.973341	2.199112	2.808882	16.880181	8.268644	16.601325	16.377852	-6.357042	-14.210116
45	21.809373	2.413181	3.661955	18.057757	8.974724	15.562729	17.772221	-6.466304	-14.566144
46	21.466412	2.455746	4.215116	19.686696	9.750668	14.580291	18.709161	-6.527088	-14.589064
47	20.988952	2.339562	4.444587	21.723304	10.617367	13.775593	19.262048	-6.585077	-14.252175
48	20.412468	2.083076	4.329915	24.134284	11.582883	13.242926	19.421106	-6.608787	-13.592449
49	19.778665	1.74328	3.926674	26.842298	12.595567	12.944324	19.140214	-6.543182	-12.722571
50	19.116274	1.396313	3.345855	29.779193	13.590567	12.754043	18.404345	-6.37699	-11.75389
51	18.436803	1.105785	2.731011	32.877927	14.541722	12.552529	17.251326	-6.112178	-10.79359
52	17.742416	0.913303	2.240411	36.057172	15.471866	12.253165	15.76548	-5.758912	-9.919731
53	17.040227	0.837451	1.992462	39.230704	16.431072	11.817125	14.050033	-5.357065	-9.177517
54	16.341467	0.86562	2.022002	42.317431	17.461471	11.251087	12.239731	-4.969587	-8.572291
55	15.651748	0.972583	2.279932	45.274276	18.568774	10.594212	10.441001	-4.634456	-8.076122
56	14.962407	1.143698	2.708257	48.072502	19.761548	9.906586	8.688745	-4.369732	-7.701153
57	14.243709	1.368793	3.231574	50.701708	21.046437	9.267391	6.998609	-4.165875	-7.475735
58	13.452845	1.667531	3.783118	53.169092	22.398749	8.737659	5.406916	-3.964512	-7.405023
59	12.524444	2.113046	4.297134	55.491218	23.747221	8.365658	3.954462	-3.694882	-7.445829
60	11.423079	2.750723	4.716689	57.719918	25.016183	8.157636	2.604972	-3.359167	-7.499904
61	10.125209	3.579983	5.017923	59.878314	26.167794	8.117542	1.312141	-2.982667	-7.519722
62	8.642156	4.510969	5.234453	61.975168	27.218893	8.209914	0.028331	-2.596158	-7.511634
63	7.014583	5.402134	5.427185	64.00022	28.249062	8.367363	-1.27352	-2.224723	-7.534347
64	5.303514	6.101328	5.623759	65.914072	29.375896	8.503513	-2.579559	-1.869547	-7.695035
65	3.585424	6.554546	5.782041	67.695647	30.613583	8.553003	-3.843369	-1.515878	-8.001676
66	1.883967	6.761686	5.814579	69.322178	31.846572	8.515493	-5.011437	-1.161873	-8.353214
67	0.185963	6.756177	5.622159	70.767622	32.915364	8.46056	-6.04222	-0.801163	-8.628465
68	-1.53347	6.58618	5.141142	72.006076	33.715936	8.48663	-6.938545	-0.420731	-8.755553
69	-3.289828	6.292649	4.322162	72.995841	34.158601	8.692712	-7.730496	-0.029608	-8.67696
70	-5.069539	5.931576	3.169946	73.708706	34.239447	9.147204	-8.449903	0.319207	-8.406431
71	-6.845366	5.563576	1.774655	74.121446	34.044247	9.848626	-9.131006	0.581562	-8.043872
72	-8.585251	5.230501	0.308284	74.202289	33.637513	10.724549	-9.815978	0.768157	-7.691936
73	-10.26352	4.921512	-1.018258	73.928557	33.063541	11.658974	-10.526348	0.927817	-7.40435
74	-11.870411	4.569848	-2.024683	73.281252	32.349364	12.527528	-11.257554	1.081839	-7.144256
75	-13.400307	4.099171	-2.635182	72.269313	31.490073	13.227451	-11.995719	1.193511	-6.828715
76	-14.845593	3.495336	-2.947702	70.953198	30.517823	13.763346	-12.715075	1.20607	-6.500778
77	-16.1913	2.769736	-3.076428	69.349318	29.466203	14.18327	-13.388715	1.077319	-6.223477
78	-17.43036	1.949891	-3.137317	67.459432	28.354851	14.551147	-13.988476	0.830476	-5.994615
79	-18.560792	1.073257	-3.218918	65.256338	27.250888	14.942808	-14.499289	0.523368	-5.852294
80	-19.582695	0.175854	-3.38023	62.686058	26.242867	15.419358	-14.875931	0.206051	-5.877029
81	-20.520941	-0.70721	-3.650701	59.829175	25.2695	15.973513	-15.04095	-0.066087	-5.997553
82	-21.36175	-1.542048	-4.068932	56.718914	24.227725	16.614439	-14.945665	-0.28565	-6.124706
83	-22.061064	-2.290318	-4.66111	53.340436	23.07455	17.398043	-14.605739	-0.486183	-6.250851
84	-22.560413	-2.909355	-5.477073	49.648345	21.815385	18.443819	-14.09375	-0.698518	-6.438884
85	-22.793149	-3.346839	-6.619798	45.595408	20.399916	19.878247	-13.495986	-0.921873	-6.727523
86	-22.787757	-3.626529	-8.03758	41.279193	18.780527	21.551826	-12.843561	-1.120696	-7.061972
87	-22.596757	-3.799795	-9.593712	36.828865	16.98741	23.212391	-12.135484	-1.286621	-7.407539
88	-22.272894	-3.914929	-11.138987	32.382768	15.112093	24.632667	-11.396065	-1.451438	-7.767411
89	-21.866923	-4.017251	-12.513358	28.073582	13.279119	25.653528	-10.663442	-1.682539	-8.172101
90	-21.43117	-4.152151	-13.519148	24.042759	11.638176	26.182147	-9.96485	-2.065349	-8.669847
91	-21.018947	-4.337328	-14.037425	20.422272	10.26322	26.244784	-9.282236	-2.558102	-9.271015
92	-20.662686	-4.555818	-14.092039	17.29596	9.135038	25.938192	-8.567039	-3.010032	-9.956418
93	-20.375072	-4.780983	-13.771184	14.715421	8.229649	25.383415	-7.808457	-3.373131	-10.677397
94	-20.150698	-4.979638	-13.241434	12.67683	7.521259	24.756348	-7.070316	-3.755403	-11.333155
95	-19.973729	-5.114834	-12.716168	11.158322	6.993279	24.261555	-6.457682	-4.258475	-11.797191
96	-19.824823	-5.163688	-12.387068	10.148763	6.640407	24.051882	-6.070143	-4.844124	-11.982383
97	-19.68934	-5.140155	-12.306174	9.58995	6.441128	24.11984	-5.92869	-5.423681	-11.934226
98	-19.560296	-5.054159	-12.466875	9.482464	6.390921	24.4318	-6.00927	-5.962136	-11.716845
99	-19.420774	-4.921373	-12.822046	9.808698	6.477528	24.933548	-6.220207	-6.458193	-11.408001
100	-19.242581	-4.772352	-13.30085	10.523215	6.684831	25.550666	-6.414059	-6.894595	-11.084481
