Time	Hip_Z	Hip_X	Hip_Y	Knee_Z	Knee_X	Knee_Y	Ankle_Z	Ankle_X	Ankle_Y
0	-28.108925	1.30625	-2.228308	15.985751	2.316366	17.012053	5.834256	-8.687786	-9.228778
1	-27.781549	1.079695	-2.677362	16.800468	2.527428	17.166698	5.947585	-8.670472	-9.137275
2	-27.454274	0.898904	-3.309019	17.951392	2.706721	17.232437	5.93379	-8.410442	-9.021966
3	-27.098318	0.75975	-4.097022	19.433395	2.770291	17.080414	5.573608	-7.665246	-8.678604
4	-26.707481	0.620969	-4.925039	21.29255	2.627963	16.545346	4.411654	-6.349941	-7.970083
5	-26.298814	0.425118	-5.636489	23.536977	2.264533	15.598467	2.144749	-4.637334	-6.896203
6	-25.885872	0.130824	-6.134672	26.008837	1.807351	14.500206	-0.883535	-2.828269	-5.661174
7	-25.461067	-0.29598	-6.403809	28.418013	1.470872	13.629403	-3.904441	-1.146203	-4.676525
8	-25.023416	-0.900072	-6.467619	30.569275	1.370472	13.041738	-6.432104	0.303618	-4.12327
9	-24.611244	-1.688965	-6.402491	32.529756	1.430293	12.448244	-8.540182	1.448814	-3.695171
10	-24.267341	-2.61678	-6.323324	34.415438	1.523759	11.67644	-10.408641	2.231137	-3.10203
11	-24.001846	-3.569671	-6.339865	36.254276	1.526943	10.795515	-12.148561	2.707013	-2.307972
12	-23.78415	-4.414386	-6.471541	37.968849	1.361456	9.964812	-13.777937	3.010504	-1.444389
13	-23.552218	-5.061137	-6.638127	39.466443	1.000476	9.223922	-15.302656	3.241477	-0.582074
14	-23.223791	-5.472213	-6.704763	40.682555	0.530173	8.559979	-16.740103	3.435993	0.202058
15	-22.736998	-5.672883	-6.590529	41.613237	0.155233	8.034229	-18.081491	3.627458	0.74331
16	-22.052401	-5.695804	-6.316377	42.250109	-0.028427	7.695715	-19.278851	3.858504	0.991306
17	-21.148545	-5.572672	-5.971184	42.566107	-0.067026	7.538266	-20.287575	4.153474	1.04026
18	-20.043227	-5.340149	-5.672884	42.550656	-0.080376	7.51434	-21.096761	4.498023	1.032393
19	-18.787913	-5.043645	-5.507808	42.230586	-0.132279	7.568964	-21.725292	4.835266	1.025022
20	-17.435839	-4.744232	-5.492496	41.655517	-0.180232	7.649881	-22.187545	5.095587	0.99025
21	-16.006259	-4.520087	-5.600617	40.837773	-0.167086	7.677782	-22.437292	5.234808	0.930618
22	-14.505049	-4.381707	-5.775535	39.812363	-0.096083	7.622886	-22.446207	5.280633	0.857378
23	-12.931345	-4.282094	-5.995745	38.588074	0.026767	7.529336	-22.179617	5.249246	0.729695
24	-11.299181	-4.163651	-6.257299	37.188918	0.182732	7.471458	-21.634355	5.143744	0.530855
25	-9.625329	-3.989853	-6.562584	35.647369	0.349007	7.530579	-20.8192	4.971662	0.262078
26	-7.926314	-3.741318	-6.902438	33.996283	0.531725	7.801002	-19.725915	4.752881	-0.129737
27	-6.226207	-3.405654	-7.237796	32.266409	0.745383	8.352619	-18.319416	4.507179	-0.717941
28	-4.547769	-2.982925	-7.492916	30.484775	0.971848	9.161015	-16.582744	4.239757	-1.494167
29	-2.887567	-2.496352	-7.622199	28.674296	1.183833	10.127733	-14.562855	3.945589	-2.379534
30	-1.235625	-1.974497	-7.6231	26.858943	1.370975	11.175256	-12.273221	3.627887	-3.330001
31	0.392937	-1.462213	-7.499463	25.069262	1.541646	12.233042	-9.714283	3.290187	-4.329311
32	1.963035	-1.014312	-7.249409	23.333866	1.725801	13.256167	-6.900893	2.912423	-5.362822
33	3.448609	-0.673065	-6.883335	21.680969	1.956215	14.218432	-3.877533	2.464075	-6.390811
34	4.821811	-0.463802	-6.40158	20.160375	2.247783	15.062621	-0.69785	1.916851	-7.348141
35	6.057763	-0.373286	-5.804342	18.821877	2.584129	15.716575	2.573396	1.261375	-8.169763
36	7.13132	-0.375601	-5.107299	17.705009	2.938545	16.153713	5.876159	0.512682	-8.812099
37	8.016555	-0.446544	-4.35503	16.844251	3.29132	16.424326	9.1304	-0.295984	-9.273757
38	8.695039	-0.567365	-3.611586	16.267608	3.644472	16.634366	12.239685	-1.148971	-9.590974
39	9.163933	-0.728922	-2.942425	15.992873	4.020031	16.888459	15.113686	-2.072036	-9.790284
40	9.438062	-0.936295	-2.404675	16.02739	4.453155	17.26429	17.688309	-3.101551	-9.880456
41	9.522443	-1.20911	-2.046711	16.41892	5.006879	17.822225	19.902579	-4.211887	-9.909757
42	9.458428	-1.532344	-1.827455	17.150686	5.699163	18.486956	21.788174	-5.260888	-9.978279
43	9.263186	-1.87181	-1.694165	18.242309	6.502747	19.086865	23.302331	-6.102142	-10.120897
44	8.953201	-2.186682	-1.595741	19.709725	7.347832	19.419789	24.345803	-6.627976	-10.33155
45	8.54294	-2.447169	-1.495686	21.559042	8.15659	19.352914	24.801474	-6.798159	-10.604252
46	8.044769	-2.63664	-1.373161	23.776604	8.862107	18.856496	24.623363	-6.653909	-10.91906
47	7.473061	-2.739607	-1.224731	26.335628	9.405775	17.983173	23.866941	-6.295304	-11.237661
48	6.851239	-2.741044	-1.051346	29.178378	9.757139	16.851681	22.685053	-5.865451	-11.530411
49	6.198059	-2.64119	-0.832787	32.198326	9.960434	15.611923	21.290122	-5.501327	-11.853814
50	5.513075	-2.436358	-0.52326	35.312456	10.078386	14.35625	19.830224	-5.28456	-12.300578
51	4.788897	-2.127619	-0.068047	38.468682	10.162495	13.101467	18.366974	-5.230178	-12.851544
52	4.012303	-1.728755	0.565485	41.650814	10.24411	11.816579	16.876311	-5.296042	-13.379186
53	3.164032	-1.26865	1.345532	44.853506	10.35286	10.50699	15.340759	-5.433823	-13.798367
54	2.22263	-0.779924	2.172936	48.060019	10.521194	9.24774	13.796704	-5.613984	-14.117748
55	1.18936	-0.30117	2.928906	51.241611	10.750741	8.113223	12.282064	-5.790635	-14.38252
56	0.063525	0.130269	3.543891	54.3822	11.005161	7.12171	10.793105	-5.908701	-14.573732
57	-1.157479	0.498901	3.991769	57.477856	11.217296	6.250285	9.319927	-5.925601	-14.605343
58	-2.459986	0.826372	4.268093	60.511206	11.339182	5.489432	7.883173	-5.82549	-14.408113
59	-3.828465	1.155972	4.375977	63.442398	11.397298	4.87976	6.526	-5.609463	-13.994079
60	-5.256941	1.534396	4.33165	66.232628	11.444918	4.460473	5.274587	-5.28086	-13.398759
61	-6.762106	2.009283	4.14764	68.840867	11.507732	4.251655	4.122974	-4.838499	-12.59544
62	-8.36981	2.571777	3.863631	71.280412	11.583384	4.197028	2.990973	-4.327107	-11.588467
63	-10.111116	3.184725	3.510675	73.549486	11.661531	4.237254	1.812134	-3.794403	-10.441287
64	-11.998439	3.781575	3.120453	75.643584	11.744397	4.310546	0.606173	-3.268142	-9.317715
65	-14.025011	4.29191	2.693212	77.552563	11.846801	4.394426	-0.550222	-2.727633	-8.359528
66	-16.158454	4.675343	2.196584	79.247021	11.975078	4.521426	-1.615302	-2.12649	-7.607575
67	-18.348822	4.929452	1.61258	80.665872	12.122112	4.74901	-2.597568	-1.428918	-7.069803
68	-20.543543	5.099536	0.993253	81.752947	12.271193	5.087244	-3.538373	-0.635836	-6.755544
69	-22.710133	5.236336	0.436621	82.51678	12.398113	5.480203	-4.436122	0.190572	-6.591873
70	-24.827793	5.337338	0.036696	82.951179	12.478262	5.879356	-5.22316	0.958377	-6.468543
71	-26.865583	5.383232	-0.152426	83.046703	12.498775	6.258326	-5.843721	1.5868	-6.291061
72	-28.786331	5.370024	-0.140921	82.797865	12.468058	6.616335	-6.289567	2.045761	-6.030442
73	-30.555193	5.297565	0.012771	82.201466	12.416224	6.982746	-6.588578	2.34949	-5.748926
74	-32.13379	5.147927	0.238806	81.224301	12.372839	7.407206	-6.775952	2.516185	-5.542607
75	-33.536557	4.90183	0.493702	79.88739	12.335084	7.886742	-6.892905	2.577384	-5.417799
76	-34.798437	4.5431	0.759709	78.231591	12.285451	8.379806	-6.985857	2.549478	-5.327044
77	-35.93124	4.079248	0.992701	76.282845	12.209141	8.882132	-7.109913	2.431562	-5.231487
78	-36.916118	3.557646	1.12087	74.041816	12.101776	9.450767	-7.256325	2.236473	-5.13263
79	-37.725843	3.03495	1.086488	71.496148	11.986532	10.154964	-7.312922	1.964887	-5.084795
80	-38.346527	2.542264	0.879189	68.653318	11.898412	11.016228	-7.191009	1.582286	-5.1186
81	-38.744309	2.094336	0.507497	65.508161	11.842569	12.036823	-6.911332	1.106712	-5.24215
82	-38.926277	1.694752	0.011806	62.110682	11.802767	13.208503	-6.53417	0.599823	-5.515406
83	-38.887202	1.361329	-0.601213	58.47603	11.770713	14.556292	-6.007405	0.022096	-5.979987
84	-38.636818	1.124694	-1.332162	54.626704	11.695439	16.069871	-5.22856	-0.633838	-6.565404
85	-38.184111	1.017973	-2.177699	50.588387	11.483888	17.695557	-4.117729	-1.275111	-7.127436
86	-37.538006	1.052947	-3.103537	46.401553	11.051565	19.346673	-2.670849	-1.809402	-7.52501
87	-36.724328	1.212044	-4.027774	42.145327	10.346549	20.890379	-0.996048	-2.231697	-7.704777
88	-35.801964	1.450987	-4.839674	37.958942	9.368851	22.143041	0.669758	-2.611032	-7.708724
89	-34.845849	1.712797	-5.458391	33.976782	8.211848	22.980796	2.114212	-3.036527	-7.594639
90	-33.909222	1.949227	-5.81997	30.294653	6.989519	23.338675	3.198197	-3.601798	-7.393721
91	-33.029605	2.111348	-5.885318	26.966096	5.814646	23.223415	3.857748	-4.36638	-7.175428
92	-32.230996	2.155149	-5.647466	24.014204	4.782125	22.709545	4.154737	-5.297941	-7.070087
93	-31.526054	2.053697	-5.13258	21.447013	3.954279	21.91369	4.263902	-6.264934	-7.208621
94	-30.921309	1.803694	-4.406166	19.295889	3.352857	20.939873	4.389284	-7.088116	-7.644044
95	-30.393531	1.469182	-3.642863	17.536211	2.925511	19.913486	4.641883	-7.683303	-8.225728
96	-29.913609	1.127091	-3.033449	16.147084	2.623987	18.959573	4.990188	-8.080301	-8.685775
97	-29.46885	0.824031	-2.705501	15.147386	2.431983	18.17496	5.34861	-8.371742	-8.826364
98	-29.063618	0.572198	-2.685152	14.5729	2.345755	17.603709	5.6549	-8.699499	-8.6999
99	-28.707623	0.360262	-2.913622	14.452509	2.359039	17.240202	5.8892	-9.179921	-8.550407
100	-28.402432	0.17181	-3.307497	14.793686	2.460528	17.056163	6.058885	-9.7917	-8.554078
