Time	Hip_Z	Hip_X	Hip_Y	Knee_Z	Knee_X	Knee_Y	Ankle_Z	Ankle_X	Ankle_Y
0	-27.323629	0.963844	-2.75345	17.147701	3.316777	16.964075	8.829602	-11.413495	-8.028772
1	-26.915335	0.796052	-3.325716	18.425633	3.467845	16.984588	8.695413	-10.892365	-7.74932
2	-26.544073	0.658651	-3.969149	20.222468	3.482689	16.789836	7.721167	-9.751283	-7.399149
3	-26.221384	0.498609	-4.571969	22.555397	3.320046	16.251221	5.497336	-8.058869	-6.957306
4	-25.940423	0.252118	-5.026747	25.259762	3.080181	15.486487	2.217935	-6.16049	-6.426454
5	-25.653852	-0.136428	-5.264347	28.01028	2.947429	14.750111	-1.405079	-4.368468	-5.919568
6	-25.291905	-0.703106	-5.267792	30.498389	3.001537	14.107215	-4.708623	-2.696048	-5.517118
7	-24.810066	-1.453561	-5.081284	32.580657	3.13866	13.363279	-7.436964	-1.069972	-5.087811
8	-24.230397	-2.349363	-4.797767	34.299602	3.194303	12.31811	-9.657545	0.401885	-4.402356
9	-23.645136	-3.277993	-4.553928	35.823859	3.091662	11.068124	-11.565459	1.524118	-3.411219
10	-23.134895	-4.10091	-4.475303	37.291605	2.882121	9.961185	-13.323799	2.287616	-2.327578
11	-22.716129	-4.738359	-4.612948	38.719297	2.621584	9.213322	-14.969723	2.791154	-1.38303
12	-22.35095	-5.189664	-4.903345	40.062488	2.333929	8.796244	-16.496731	3.142193	-0.659791
13	-21.972824	-5.502717	-5.188139	41.254034	2.042201	8.566642	-17.895437	3.417216	-0.128978
14	-21.504138	-5.722707	-5.292716	42.227739	1.783974	8.400636	-19.163344	3.679613	0.203234
15	-20.871745	-5.861927	-5.124464	42.933745	1.57737	8.222944	-20.304565	3.967368	0.340586
16	-20.016013	-5.894524	-4.717006	43.315897	1.405507	8.019349	-21.30257	4.275095	0.365445
17	-18.949669	-5.80006	-4.2472	43.357918	1.237655	7.852749	-22.144467	4.572373	0.365443
18	-17.724569	-5.595249	-3.884041	43.072135	1.079657	7.80503	-22.822416	4.837913	0.329517
19	-16.370176	-5.330457	-3.696802	42.474935	0.969546	7.908901	-23.302019	5.053649	0.21693
20	-14.901681	-5.07092	-3.668539	41.602805	0.922345	8.102444	-23.540428	5.197057	0.042859
21	-13.35345	-4.868829	-3.751868	40.513042	0.917	8.279065	-23.525761	5.2408	-0.134584
22	-11.775806	-4.743132	-3.897617	39.262018	0.945578	8.398578	-23.252307	5.174226	-0.309542
23	-10.203919	-4.673297	-4.074659	37.88532	1.025805	8.515818	-22.693516	5.016943	-0.556664
24	-8.631218	-4.599151	-4.294402	36.390492	1.160374	8.711535	-21.808527	4.791294	-0.950973
25	-7.017661	-4.45017	-4.56359	34.796964	1.314127	9.009914	-20.630019	4.510211	-1.479765
26	-5.357427	-4.204533	-4.839632	33.119619	1.474432	9.432735	-19.17669	4.156112	-2.141017
27	-3.698353	-3.884884	-5.045582	31.385487	1.637651	9.99255	-17.459331	3.709726	-2.924767
28	-2.092306	-3.512744	-5.116928	29.625463	1.781006	10.662965	-15.451148	3.179898	-3.792036
29	-0.564749	-3.103932	-5.052046	27.871645	1.894636	11.42244	-13.128285	2.585891	-4.725987
30	0.871534	-2.685019	-4.901429	26.167221	2.006971	12.275933	-10.526062	1.924009	-5.750767
31	2.204046	-2.283372	-4.686975	24.563612	2.142366	13.185084	-7.705706	1.174576	-6.859492
32	3.418098	-1.921121	-4.385265	23.107244	2.301845	14.048105	-4.705852	0.319548	-7.976567
33	4.518209	-1.609876	-3.990457	21.807304	2.487877	14.79478	-1.586985	-0.640308	-9.054453
34	5.508371	-1.352119	-3.515987	20.674692	2.709661	15.393436	1.582271	-1.711651	-10.081653
35	6.392848	-1.139229	-3.003357	19.719569	2.962751	15.825862	4.740706	-2.878845	-11.003526
36	7.162982	-0.970892	-2.509445	18.958017	3.23312	16.090235	7.848367	-4.078178	-11.739688
37	7.796584	-0.871438	-2.094219	18.417555	3.522318	16.222557	10.857681	-5.227892	-12.258234
38	8.272479	-0.874145	-1.81633	18.132684	3.853815	16.293056	13.671505	-6.297969	-12.587674
39	8.570432	-0.993788	-1.721965	18.156317	4.256185	16.361869	16.135788	-7.324247	-12.747021
40	8.684596	-1.20733	-1.799356	18.522984	4.742259	16.445075	18.169739	-8.324916	-12.753468
41	8.617117	-1.483685	-2.000485	19.250853	5.320917	16.532161	19.788294	-9.228181	-12.68223
42	8.36849	-1.792722	-2.272771	20.374231	5.991678	16.573467	20.977621	-9.910247	-12.627655
43	7.95092	-2.096292	-2.559799	21.921926	6.711207	16.46479	21.660642	-10.255875	-12.637342
44	7.391879	-2.35633	-2.815894	23.899832	7.401959	16.110433	21.734289	-10.214061	-12.706353
45	6.731121	-2.542267	-3.003112	26.274104	7.99808	15.492579	21.179023	-9.824761	-12.814857
46	6.00919	-2.630465	-3.07671	28.967151	8.479734	14.677622	20.12992	-9.19512	-12.953085
47	5.257693	-2.591753	-2.969402	31.886023	8.869229	13.767442	18.808535	-8.468941	-13.146612
48	4.502726	-2.428782	-2.651649	34.917847	9.219536	12.827238	17.452439	-7.777518	-13.386969
49	3.753254	-2.15656	-2.107579	38.006549	9.56711	11.842917	16.204316	-7.165911	-13.601855
50	3.000633	-1.795208	-1.343404	41.126929	9.93635	10.788046	15.132627	-6.659317	-13.739655
51	2.223663	-1.361552	-0.409979	44.266526	10.336685	9.673968	14.208698	-6.304408	-13.806362
52	1.395915	-0.872816	0.595281	47.414406	10.765313	8.558907	13.327512	-6.15252	-13.83255
53	0.489757	-0.34876	1.564086	50.561572	11.207072	7.513656	12.400678	-6.193136	-13.83388
54	-0.519124	0.193045	2.412352	53.705511	11.630891	6.581666	11.416332	-6.321586	-13.7888
55	-1.648614	0.729697	3.087269	56.847479	11.978239	5.755885	10.40053	-6.375848	-13.635198
56	-2.885052	1.235481	3.59837	59.974858	12.201298	4.996374	9.382693	-6.232717	-13.323508
57	-4.212608	1.698977	3.948197	63.048116	12.298955	4.320181	8.398516	-5.823667	-12.844055
58	-5.609784	2.125963	4.137359	66.011594	12.328159	3.775054	7.487085	-5.151239	-12.227369
59	-7.065476	2.533547	4.177221	68.818847	12.354104	3.382677	6.671073	-4.296952	-11.494653
60	-8.587517	2.944866	4.095178	71.448123	12.397368	3.117145	5.949082	-3.38697	-10.671226
61	-10.202969	3.375541	3.933434	73.902608	12.418489	2.918786	5.298974	-2.526385	-9.800957
62	-11.957335	3.82595	3.727973	76.187919	12.360848	2.739268	4.689764	-1.764076	-8.902576
63	-13.875595	4.287584	3.481448	78.299406	12.204387	2.588025	4.086352	-1.083362	-7.976368
64	-15.928965	4.750755	3.172042	80.212593	11.977835	2.521567	3.451588	-0.428824	-7.071877
65	-18.063084	5.206367	2.781227	81.877838	11.757799	2.601422	2.733694	0.237772	-6.305416
66	-20.216271	5.641946	2.319728	83.256044	11.601329	2.844251	1.901118	0.923435	-5.760142
67	-22.339152	6.034976	1.839931	84.328459	11.488133	3.210735	0.995823	1.620449	-5.405153
68	-24.402514	6.358171	1.418755	85.08844	11.387941	3.640595	0.09948	2.293586	-5.166951
69	-26.390564	6.59124	1.123778	85.532494	11.313859	4.083871	-0.725234	2.867017	-5.000302
70	-28.257067	6.704041	1.018849	85.622154	11.297552	4.508535	-1.451683	3.247451	-4.884937
71	-29.959342	6.684169	1.113083	85.363831	11.339395	4.901545	-2.108612	3.420857	-4.831248
72	-31.510946	6.544765	1.36626	84.778558	11.4227	5.257217	-2.708533	3.443608	-4.858872
73	-32.95865	6.311447	1.706085	83.891698	11.527954	5.581033	-3.245262	3.388522	-4.934425
74	-34.315914	6.001733	2.052589	82.71719	11.639658	5.903382	-3.694031	3.296925	-4.991109
75	-35.553554	5.63422	2.322866	81.25117	11.757737	6.285363	-4.014348	3.189659	-4.986965
76	-36.634564	5.242112	2.438938	79.47743	11.889399	6.798148	-4.221212	3.091102	-4.944813
77	-37.537834	4.849417	2.372779	77.383788	12.000427	7.460522	-4.378055	3.027373	-4.937176
78	-38.246349	4.447628	2.154103	74.958304	12.021202	8.224513	-4.491866	3.006379	-4.998905
79	-38.776615	4.03065	1.829848	72.250654	11.974387	9.050554	-4.527308	2.990028	-5.067133
80	-39.126283	3.617602	1.396441	69.270417	11.920552	9.970306	-4.468727	2.934931	-5.111295
81	-39.293283	3.239624	0.845451	66.017901	11.894315	11.034983	-4.313062	2.805063	-5.186512
82	-39.271402	2.921665	0.179227	62.490952	11.892117	12.28107	-4.042589	2.583828	-5.360674
83	-39.056581	2.675454	-0.586264	58.700762	11.875186	13.706429	-3.61502	2.295183	-5.652437
84	-38.651969	2.513417	-1.43377	54.675369	11.781831	15.276359	-2.988773	1.96325	-6.032954
85	-38.056019	2.464331	-2.352477	50.451073	11.517644	16.92064	-2.172607	1.552225	-6.37838
86	-37.27732	2.547832	-3.307292	46.092634	10.99795	18.516478	-1.200026	1.041824	-6.542509
87	-36.36084	2.747959	-4.22587	41.698892	10.243427	19.955401	-0.070549	0.481783	-6.564496
88	-35.366051	3.03609	-5.018549	37.392374	9.311513	21.132838	1.177614	-0.127327	-6.537738
89	-34.359402	3.357376	-5.593054	33.310486	8.26833	21.929622	2.382016	-0.867111	-6.473609
90	-33.392823	3.631866	-5.86511	29.567339	7.184439	22.241879	3.328982	-1.818995	-6.378018
91	-32.504669	3.77864	-5.769235	26.239688	6.132719	22.029484	3.911668	-2.941885	-6.390331
92	-31.729193	3.746373	-5.27962	23.377213	5.173762	21.339734	4.190791	-4.071995	-6.715272
93	-31.101859	3.515428	-4.422997	21.049793	4.36267	20.274899	4.309254	-5.041734	-7.409775
94	-30.609549	3.131286	-3.399664	19.241734	3.737562	19.057396	4.406063	-5.815766	-8.224547
95	-30.202151	2.668111	-2.485152	17.901201	3.318354	17.93484	4.530089	-6.455841	-8.880024
96	-29.82253	2.207455	-1.903051	16.974885	3.08585	17.104397	4.675513	-7.042111	-9.20485
97	-29.435617	1.798976	-1.733752	16.429015	2.99119	16.642313	4.823427	-7.633921	-9.162137
98	-29.0499	1.444864	-1.921043	16.273436	2.993589	16.504162	4.968207	-8.245059	-8.851439
99	-28.702248	1.139372	-2.368806	16.536425	3.074021	16.61105	5.113862	-8.843999	-8.450946
100	-28.410748	0.889763	-3.00848	17.217971	3.221664	16.901465	5.265776	-9.341594	-8.098667
