Time	Hip_Z	Hip_X	Hip_Y	Knee_Z	Knee_X	Knee_Y	Ankle_Z	Ankle_X	Ankle_Y
0	-28.270845	-0.734013	-10.656005	20.312487	3.916565	18.668924	-11.873468	3.95993	-12.027285
1	-27.354821	-0.965867	-11.091683	19.604786	3.615587	19.249912	-8.498094	4.271275	-12.390669
2	-26.610573	-1.284735	-11.487844	19.475983	3.4893	19.920933	-5.082503	4.837157	-12.658719
3	-26.095233	-1.679138	-11.803994	20.060561	3.535809	20.454301	-2.581267	5.617379	-12.715956
4	-25.854737	-2.118693	-12.042758	21.403087	3.739718	20.715646	-1.459955	6.519084	-12.580312
5	-25.884016	-2.582881	-12.236647	23.422174	4.02134	20.655093	-1.626658	7.457499	-12.284201
6	-26.113347	-3.1073	-12.403837	25.917122	4.253257	20.188334	-2.683593	8.353312	-11.710093
7	-26.42082	-3.7881	-12.526673	28.586564	4.363071	19.220296	-4.180895	9.09772	-10.767437
8	-26.654007	-4.720637	-12.554307	31.095592	4.386578	17.759525	-5.796786	9.587233	-9.583384
9	-26.681541	-5.895279	-12.418263	33.215512	4.376408	15.929387	-7.387792	9.824645	-8.372724
10	-26.484773	-7.156105	-12.104465	34.942958	4.321158	13.943948	-8.922478	9.942551	-7.238982
11	-26.096451	-8.316	-11.657645	36.326947	4.2097	12.079316	-10.396366	10.05791	-6.265052
12	-25.565245	-9.19233	-11.183536	37.403649	4.087995	10.67904	-11.801199	10.235825	-5.608525
13	-24.930359	-9.647356	-10.809758	38.171066	4.025851	10.000982	-13.111923	10.475414	-5.418553
14	-24.193802	-9.637314	-10.634543	38.617928	4.033255	10.053239	-14.321659	10.722172	-5.693426
15	-23.307663	-9.243553	-10.68027	38.758195	4.026973	10.57889	-15.45508	10.921727	-6.230734
16	-22.211153	-8.62518	-10.893876	38.614283	3.90021	11.223723	-16.52511	11.056469	-6.701793
17	-20.908887	-7.958339	-11.183125	38.221164	3.643017	11.742715	-17.529128	11.11693	-6.949399
18	-19.426447	-7.342635	-11.485612	37.582217	3.302678	12.066114	-18.459033	11.079031	-7.077573
19	-17.770705	-6.820912	-11.767285	36.670805	2.910561	12.181843	-19.283594	10.942201	-7.189147
20	-15.942053	-6.405036	-12.013876	35.453547	2.501217	12.121481	-19.944902	10.744165	-7.345007
21	-13.950104	-6.083365	-12.220988	33.905974	2.120528	11.957482	-20.403399	10.527884	-7.560875
22	-11.825526	-5.822294	-12.388676	32.029312	1.796915	11.752941	-20.651427	10.324671	-7.752307
23	-9.610337	-5.57153	-12.511249	29.854533	1.532777	11.534702	-20.652091	10.169973	-7.831764
24	-7.32431	-5.264052	-12.553974	27.424792	1.296787	11.281107	-20.291758	10.080533	-7.782058
25	-4.984614	-4.85444	-12.492368	24.851438	1.031038	10.958736	-19.533843	9.963002	-7.676943
26	-2.638362	-4.337054	-12.322632	22.231441	0.721305	10.60817	-18.354925	9.71115	-7.659686
27	-0.355149	-3.731185	-12.057828	19.655285	0.376465	10.339064	-16.767871	9.339036	-7.859927
28	1.826685	-3.045107	-11.718386	17.189693	-0.020211	10.253203	-14.844804	8.967725	-8.2835
29	3.890308	-2.287169	-11.320164	14.879467	-0.504303	10.399716	-12.693647	8.698988	-8.849659
30	5.80989	-1.490515	-10.863685	12.762077	-1.093353	10.779751	-10.397747	8.539711	-9.495783
31	7.56188	-0.703297	-10.353009	10.8714	-1.771532	11.388307	-7.992984	8.418607	-10.237694
32	9.144192	0.022218	-9.813419	9.233855	-2.493915	12.216026	-5.485224	8.236876	-11.11324
33	10.584207	0.643503	-9.271477	7.83922	-3.189288	13.202497	-2.87855	7.932524	-12.080894
34	11.880577	1.117791	-8.730363	6.710272	-3.773747	14.290434	-0.188965	7.470922	-13.082077
35	13.018023	1.417272	-8.178326	5.87494	-4.175683	15.396676	2.51576	6.843815	-14.035478
36	13.981775	1.537779	-7.606477	5.340755	-4.367454	16.417492	5.145464	6.074809	-14.819539
37	14.762719	1.500973	-7.010236	5.11181	-4.352432	17.291403	7.632271	5.211199	-15.361372
38	15.352034	1.346387	-6.385207	5.219532	-4.132241	18.047768	9.926857	4.300415	-15.71179
39	15.727974	1.112508	-5.740607	5.731172	-3.686349	18.738219	11.971996	3.364078	-15.929877
40	15.88229	0.837637	-5.114412	6.676888	-3.007664	19.366709	13.74693	2.398183	-15.983175
41	15.820335	0.542428	-4.565628	8.049249	-2.091616	19.959556	15.267289	1.400683	-15.838415
42	15.547376	0.227195	-4.162067	9.838184	-0.91788	20.571088	16.550426	0.397746	-15.493916
43	15.080758	-0.109335	-3.953149	12.015178	0.518061	21.213704	17.612167	-0.555886	-14.970793
44	14.446053	-0.457465	-3.95582	14.552847	2.201612	21.848868	18.428309	-1.407893	-14.327695
45	13.667921	-0.791949	-4.151677	17.444008	4.107153	22.413326	18.92145	-2.12717	-13.655616
46	12.765674	-1.074699	-4.485294	20.698904	6.189151	22.820257	19.010545	-2.693401	-13.050564
47	11.754899	-1.255293	-4.875402	24.355929	8.361834	22.914663	18.636274	-3.058224	-12.587469
48	10.672773	-1.318178	-5.22712	28.373469	10.50023	22.593321	17.878317	-3.200154	-12.265176
49	9.540125	-1.281806	-5.478175	32.704915	12.512699	21.821826	16.833746	-3.116436	-12.059382
50	8.369897	-1.184256	-5.602943	37.27971	14.336352	20.641967	15.628802	-2.810994	-11.938068
51	7.175969	-1.061414	-5.601826	42.005021	15.946614	19.146543	14.397033	-2.298305	-11.875378
52	5.966872	-0.934827	-5.476743	46.792264	17.357576	17.42367	13.209852	-1.679325	-11.858287
53	4.737449	-0.808756	-5.217967	51.583066	18.588818	15.512075	12.060229	-1.159856	-11.865812
54	3.471321	-0.679531	-4.82859	56.339799	19.63871	13.440978	10.941489	-0.914286	-11.859311
55	2.145489	-0.529508	-4.342012	61.013532	20.472504	11.29962	9.873075	-0.966134	-11.800616
56	0.747958	-0.31539	-3.800547	65.566724	21.071018	9.193146	8.850104	-1.178673	-11.698338
57	-0.742366	0.007553	-3.215879	69.968796	21.401086	7.166482	7.851718	-1.429156	-11.55331
58	-2.359423	0.446257	-2.593913	74.202089	21.455705	5.232188	6.847623	-1.605605	-11.31413
59	-4.134249	0.968732	-1.961316	78.25296	21.277058	3.402798	5.8597	-1.58576	-11.006143
60	-6.082034	1.519709	-1.370971	82.10309	20.940143	1.696046	4.963275	-1.252389	-10.770646
61	-8.219502	2.014933	-0.866632	85.735954	20.506368	0.110529	4.182267	-0.591913	-10.629395
62	-10.567498	2.3366	-0.477395	89.116402	20.00492	-1.356053	3.453932	0.301746	-10.432765
63	-13.073361	2.40508	-0.241404	92.188515	19.481587	-2.662903	2.699444	1.304116	-10.096068
64	-15.618462	2.251898	-0.191472	94.906106	19.018373	-3.739253	1.89138	2.310467	-9.680142
65	-18.113944	1.973887	-0.336021	97.223003	18.688129	-4.514581	1.015408	3.244617	-9.282625
66	-20.525936	1.700068	-0.665023	99.114642	18.527694	-4.938846	0.052613	4.062255	-8.978473
67	-22.847654	1.543529	-1.184052	100.571166	18.544938	-4.972051	-0.985443	4.739477	-8.780911
68	-25.058564	1.569725	-1.899233	101.58825	18.733238	-4.600289	-2.029564	5.265369	-8.673376
69	-27.118207	1.784075	-2.7743	102.167317	19.078904	-3.869768	-2.995496	5.663218	-8.682388
70	-28.986283	2.129239	-3.7056	102.289747	19.57255	-2.890422	-3.894804	5.981375	-8.888493
71	-30.696877	2.479903	-4.549294	102.004057	20.177763	-1.832173	-4.829837	6.245297	-9.269178
72	-32.297537	2.748646	-5.233427	101.339042	20.867507	-0.781379	-5.784897	6.428021	-9.725106
73	-33.818173	2.906127	-5.770453	100.308008	21.631046	0.260604	-6.668491	6.509627	-10.186809
74	-35.280015	2.948024	-6.202758	98.927083	22.449718	1.32587	-7.448282	6.50456	-10.630202
75	-36.693717	2.871204	-6.563145	97.216832	23.282226	2.441351	-8.147794	6.431761	-11.012675
76	-38.03782	2.696742	-6.895934	95.190797	24.082479	3.654854	-8.790217	6.294866	-11.275128
77	-39.264741	2.480449	-7.262118	92.844162	24.832646	5.044027	-9.371389	6.09363	-11.400097
78	-40.322893	2.285587	-7.731256	90.131171	25.57458	6.698194	-9.842958	5.827623	-11.422712
79	-41.214219	2.136248	-8.322741	87.074797	26.363989	8.618216	-10.208483	5.524185	-11.425561
80	-41.936331	2.012662	-8.991877	83.68045	27.210389	10.771755	-10.531105	5.224971	-11.500482
81	-42.489488	1.874269	-9.658611	79.957021	28.058648	13.103963	-10.852085	4.967904	-11.696272
82	-42.875518	1.696797	-10.274792	75.929071	28.781024	15.568795	-11.181068	4.753906	-11.888136
83	-43.092502	1.487504	-10.837823	71.650001	29.22791	18.117334	-11.551294	4.550857	-11.867035
84	-43.131737	1.281546	-11.380387	67.195684	29.288161	20.689105	-11.959411	4.343625	-11.57707
85	-42.970056	1.137083	-11.951885	62.650891	28.879905	23.221716	-12.367999	4.143982	-11.105378
86	-42.594736	1.106795	-12.573602	58.113721	27.962136	25.635569	-12.788341	3.967727	-10.571354
87	-42.038942	1.175881	-13.188265	53.700901	26.571538	27.779949	-13.231115	3.8593	-10.063927
88	-41.338892	1.274027	-13.670066	49.518737	24.777388	29.441824	-13.676665	3.884453	-9.670157
89	-40.526488	1.319185	-13.889804	45.612824	22.671225	30.451662	-14.092664	4.043044	-9.479204
90	-39.62796	1.262792	-13.789722	41.987414	20.335934	30.721071	-14.448653	4.239148	-9.51325
91	-38.670009	1.094115	-13.396562	38.63746	17.896318	30.257523	-14.738971	4.353839	-9.73512
92	-37.675695	0.822639	-12.780288	35.562007	15.478566	29.129473	-14.997345	4.326387	-10.051148
93	-36.654509	0.455039	-11.993175	32.78481	13.159571	27.376647	-15.284635	4.175469	-10.31523
94	-35.601875	0.020559	-11.108587	30.278272	10.979462	25.158256	-15.62622	3.993041	-10.432712
95	-34.500881	-0.425366	-10.235156	27.98679	8.973832	22.71072	-15.984884	3.856323	-10.402812
96	-33.344639	-0.822798	-9.491335	25.864146	7.197623	20.321869	-16.29659	3.788673	-10.309182
97	-32.150014	-1.136787	-8.965113	23.893201	5.722664	18.308501	-16.465596	3.776049	-10.324481
98	-30.944391	-1.359761	-8.709844	22.083596	4.593886	16.960037	-16.314771	3.806776	-10.59882
99	-29.759387	-1.507467	-8.740292	20.474355	3.794043	16.433844	-15.54949	3.898231	-11.120345
100	-28.635008	-1.622729	-9.015085	19.146756	3.260609	16.675131	-13.817851	4.122601	-11.741663
