Time	Hip_Z	Hip_X	Hip_Y	Knee_Z	Knee_X	Knee_Y	Ankle_Z	Ankle_X	Ankle_Y
0	-24.529863	-4.560871	-0.060318	12.952849	4.452602	20.191756	-10.74365	-2.128255	-14.531246
1	-24.191634	-4.683006	-0.413272	13.788871	4.813887	20.766888	-9.318123	-0.955879	-14.168029
2	-23.906587	-4.760345	-0.940766	15.009197	5.276774	21.397407	-7.593931	0.471773	-13.689532
3	-23.649971	-4.815196	-1.509139	16.578377	5.729788	21.814893	-6.020706	1.996167	-13.105597
4	-23.431059	-4.894456	-1.953982	18.493085	6.077742	21.744736	-5.010113	3.433314	-12.417235
5	-23.292178	-5.052706	-2.15293	20.771372	6.309602	21.091715	-4.816925	4.712515	-11.656231
6	-23.26807	-5.344075	-2.106454	23.439669	6.514858	20.018506	-5.536012	5.790723	-10.904967
7	-23.281394	-5.771069	-1.987841	26.31602	6.775528	18.878946	-6.774835	6.680116	-10.193778
8	-23.203424	-6.366538	-1.82321	29.182109	7.107861	17.81892	-8.253245	7.371735	-9.586045
9	-22.895158	-7.171679	-1.50582	31.826294	7.511481	16.831067	-9.818477	7.812495	-9.207816
10	-22.29249	-8.181746	-0.960749	34.133356	7.988119	15.849521	-11.418496	7.979121	-9.116991
11	-21.417248	-9.302355	-0.267471	36.0086	8.515932	14.939444	-12.999617	7.970855	-9.248117
12	-20.405177	-10.359278	0.384214	37.489371	8.9705	14.260333	-14.50309	7.95443	-9.405532
13	-19.320015	-11.231809	0.882599	38.582035	9.222965	13.935529	-15.892914	7.976879	-9.469828
14	-18.216766	-11.846781	1.113086	39.308986	9.237607	14.067547	-17.160582	8.016745	-9.428206
15	-17.164449	-12.192065	0.989503	39.70809	9.073078	14.704364	-18.312993	8.027167	-9.368467
16	-16.212454	-12.269945	0.553791	39.819261	8.769984	15.737771	-19.339258	7.97545	-9.360935
17	-15.30517	-12.154618	0.053184	39.759081	8.359695	16.814782	-20.257998	7.877328	-9.360821
18	-14.367528	-11.887164	-0.344125	39.56521	7.869163	17.71214	-21.072643	7.73424	-9.302865
19	-13.332431	-11.5238	-0.525106	39.241427	7.366073	18.317908	-21.779647	7.532107	-9.174723
20	-12.16526	-11.124663	-0.448829	38.772853	6.935043	18.627261	-22.364395	7.268042	-9.074748
21	-10.858017	-10.728517	-0.137832	38.117997	6.628477	18.676018	-22.790998	6.951301	-9.142883
22	-9.486982	-10.332559	0.296454	37.320707	6.383863	18.51604	-23.058996	6.613095	-9.347248
23	-8.119274	-9.923101	0.790805	36.427241	6.137267	18.110044	-23.129515	6.277621	-9.563495
24	-6.78917	-9.496523	1.292463	35.461096	5.875543	17.481667	-22.959125	5.954551	-9.709022
25	-5.493837	-9.055172	1.764682	34.408843	5.646406	16.760579	-22.570831	5.621728	-9.865645
26	-4.22867	-8.593561	2.164574	33.240216	5.485368	16.094186	-22.029356	5.220365	-10.160914
27	-2.998553	-8.10083	2.466111	31.986406	5.360644	15.539125	-21.344802	4.730135	-10.585249
28	-1.801841	-7.559611	2.657764	30.667402	5.25565	15.13632	-20.468455	4.154264	-11.09914
29	-0.618561	-6.943494	2.756255	29.296665	5.137417	14.88354	-19.389505	3.509985	-11.63238
30	0.566098	-6.228446	2.805236	27.893271	4.966902	14.733331	-18.111676	2.816522	-12.128626
31	1.736032	-5.400646	2.884398	26.484728	4.744554	14.682663	-16.620323	2.099379	-12.610671
32	2.860838	-4.486296	3.059939	25.100474	4.50843	14.725397	-14.958994	1.38306	-13.146038
33	3.914305	-3.496429	3.371217	23.759559	4.274769	14.850714	-13.130181	0.674404	-13.764609
34	4.88172	-2.45323	3.843105	22.470525	4.056303	15.049049	-11.130503	-0.009975	-14.475957
35	5.770947	-1.383453	4.482692	21.238734	3.868897	15.306804	-8.970655	-0.647647	-15.277676
36	6.613705	-0.31692	5.26701	20.077971	3.733518	15.60389	-6.651233	-1.223253	-16.151293
37	7.460584	0.707033	6.096588	18.981453	3.653914	15.913528	-4.23028	-1.761429	-17.041401
38	8.341517	1.647579	6.909122	17.955749	3.639996	16.207482	-1.772675	-2.268358	-17.893628
39	9.269811	2.461989	7.672046	17.017005	3.70126	16.444519	0.673554	-2.729925	-18.630884
40	10.242575	3.108137	8.359916	16.191118	3.839917	16.598604	3.107245	-3.131371	-19.153677
41	11.242605	3.53443	8.92759	15.554726	4.061771	16.653901	5.500411	-3.435816	-19.350174
42	12.218827	3.782802	9.380908	15.174676	4.361976	16.63	7.73519	-3.637147	-19.256433
43	13.108953	3.891342	9.716942	15.144241	4.755512	16.573347	9.672111	-3.770256	-18.889695
44	13.846955	3.894178	9.930429	15.53184	5.2579	16.55617	11.255095	-3.877507	-18.241976
45	14.375234	3.805486	10.023694	16.366395	5.8845	16.640325	12.524361	-3.955834	-17.280032
46	14.619463	3.621039	9.998697	17.702519	6.682166	16.905374	13.51552	-3.989087	-16.008171
47	14.607365	3.376453	9.908171	19.445663	7.665213	17.349894	14.262281	-3.978097	-14.647482
48	14.356104	3.110178	9.80216	21.561353	8.85253	17.913291	14.691422	-3.886055	-13.375403
49	13.898214	2.86568	9.736481	24.015898	10.23385	18.464716	14.743738	-3.67604	-12.290301
50	13.276087	2.675718	9.762534	26.765345	11.794112	18.878637	14.437519	-3.35475	-11.45539
51	12.526031	2.561498	9.936811	29.772318	13.549602	19.040034	13.838242	-2.980854	-10.970701
52	11.713674	2.506215	10.249994	32.938879	15.43472	18.9123	13.112302	-2.635982	-10.767254
53	10.871433	2.495626	10.686829	36.229054	17.369073	18.432168	12.364979	-2.360924	-10.755811
54	10.012457	2.510595	11.219681	39.628736	19.251795	17.546557	11.6723	-2.177007	-10.845744
55	9.131081	2.524932	11.803707	43.145037	20.97724	16.232772	11.0749	-2.090742	-10.956837
56	8.206472	2.495825	12.355503	46.811092	22.414846	14.492187	10.609983	-2.1127	-11.007473
57	7.238355	2.404233	12.786496	50.582351	23.570206	12.54524	10.273024	-2.209274	-11.00264
58	6.240006	2.271037	13.030027	54.396168	24.45419	10.590194	10.060613	-2.318462	-10.993014
59	5.232017	2.155685	13.057702	58.191646	25.066118	8.779326	9.939265	-2.34482	-11.009278
60	4.211341	2.120796	12.879449	61.925046	25.39616	7.186446	9.8297	-2.219848	-11.047001
61	3.105082	2.218731	12.497989	65.544026	25.457362	5.859218	9.584394	-1.976482	-11.127996
62	1.822121	2.411627	11.970816	69.047056	25.406128	4.706718	9.116428	-1.741777	-11.307707
63	0.285404	2.634699	11.325652	72.446207	25.320227	3.625931	8.398125	-1.552598	-11.592305
64	-1.531919	2.825089	10.579946	75.743151	25.200609	2.542563	7.44227	-1.396904	-11.909259
65	-3.60722	2.946386	9.756629	78.903135	25.01618	1.439653	6.296395	-1.248496	-12.151964
66	-5.901556	2.964341	8.914024	81.815457	24.713455	0.349651	5.04928	-1.061126	-12.216687
67	-8.293521	2.879772	8.113568	84.414563	24.29188	-0.664124	3.825359	-0.794487	-12.122198
68	-10.699605	2.692356	7.381327	86.631419	23.807579	-1.548431	2.670928	-0.43417	-11.932927
69	-13.064777	2.409459	6.737193	88.431764	23.382092	-2.285344	1.549998	-0.031273	-11.771891
70	-15.366691	2.042715	6.194546	89.799305	23.11815	-2.87301	0.401244	0.331477	-11.750704
71	-17.589637	1.600026	5.775172	90.645941	23.050008	-3.273877	-0.732061	0.631434	-11.885992
72	-19.749537	1.115679	5.443517	91.03385	23.116162	-3.497365	-1.725492	0.932098	-12.074723
73	-21.849151	0.619633	5.148764	90.985527	23.284226	-3.530534	-2.548999	1.234821	-12.269287
74	-23.858254	0.141879	4.838625	90.517078	23.511426	-3.340844	-3.277986	1.494686	-12.495521
75	-25.733149	-0.290267	4.456483	89.637245	23.752791	-2.881331	-3.998592	1.684239	-12.803328
76	-27.436531	-0.64002	3.898928	88.30363	23.991999	-2.060502	-4.690749	1.766223	-13.081214
77	-28.995326	-0.90918	3.164277	86.581421	24.231726	-0.918714	-5.250544	1.740268	-13.119594
78	-30.408937	-1.112962	2.337938	84.482418	24.430965	0.480765	-5.652265	1.665736	-12.890855
79	-31.665781	-1.268388	1.510838	82.033706	24.540271	2.062072	-6.012166	1.63407	-12.52291
80	-32.749403	-1.382511	0.692562	79.252822	24.580607	3.8072	-6.498307	1.670126	-12.16764
81	-33.627383	-1.475837	-0.147401	76.080265	24.618133	5.761108	-7.159266	1.722978	-11.884808
82	-34.333347	-1.597918	-1.008155	72.548324	24.667626	7.885152	-7.839576	1.725299	-11.612676
83	-34.872704	-1.780261	-1.873103	68.652545	24.699906	10.143075	-8.407914	1.654204	-11.358948
84	-35.237713	-2.02964	-2.721092	64.39162	24.637496	12.499785	-8.764722	1.537674	-11.115568
85	-35.40846	-2.342326	-3.527407	59.784376	24.335348	14.889235	-8.899005	1.404033	-10.808524
86	-35.332518	-2.696989	-4.260942	54.854707	23.6369	17.210824	-8.922455	1.245981	-10.462263
87	-35.030819	-3.019992	-4.929468	49.734889	22.572881	19.436448	-8.97065	1.055371	-10.254628
88	-34.507589	-3.231597	-5.541166	44.530337	21.127272	21.565778	-9.057434	0.818359	-10.362635
89	-33.790963	-3.289057	-6.071962	39.378365	19.306569	23.53893	-9.151927	0.521886	-10.879237
90	-32.943085	-3.240532	-6.422901	34.454476	17.192698	25.145689	-9.238481	0.138777	-11.769275
91	-32.041491	-3.214568	-6.389752	30.010091	14.947276	25.974147	-9.356768	-0.406439	-12.953921
92	-31.148548	-3.282254	-5.969857	26.093096	12.762976	25.983837	-9.567594	-1.119603	-14.211056
93	-30.277716	-3.421231	-5.281866	22.70277	10.745109	25.304165	-9.900774	-1.961371	-15.298054
94	-29.424103	-3.576326	-4.519623	19.790797	8.954618	24.190357	-10.332006	-2.83098	-15.988117
95	-28.581178	-3.714152	-3.83793	17.317221	7.425598	22.884728	-10.797421	-3.562899	-16.162515
96	-27.752043	-3.839693	-3.320233	15.345671	6.224161	21.604799	-11.204288	-3.906235	-15.838517
97	-26.950436	-3.973176	-2.950257	13.85104	5.323132	20.555086	-11.48333	-3.825069	-15.332054
98	-26.206327	-4.111539	-2.752438	12.883582	4.719823	19.902503	-11.552266	-3.406237	-14.859767
99	-25.554274	-4.232331	-2.782921	12.486146	4.402666	19.743695	-11.271133	-2.807746	-14.523214
100	-25.023292	-4.329742	-3.061522	12.681042	4.372132	20.0516	-10.476972	-2.122116	-14.323717
