Time	Hip_Z	Hip_X	Hip_Y	Knee_Z	Knee_X	Knee_Y	Ankle_Z	Ankle_X	Ankle_Y
0	-25.845598	-1.280472	-1.463037	12.154947	5.307827	30.766696	15.841094	-9.542125	-12.602074
1	-25.512857	-1.570525	-1.76433	13.848874	5.909778	30.665433	15.916125	-8.531902	-11.876702
2	-25.280513	-1.882153	-2.189359	16.323093	6.552462	30.161552	15.037075	-6.798161	-11.158783
3	-25.159551	-2.18502	-2.80066	19.605521	7.16878	29.232541	12.59396	-4.679308	-10.393971
4	-25.097428	-2.432788	-3.672148	23.451831	7.769304	28.230484	8.604982	-2.681381	-9.603758
5	-25.003669	-2.615126	-4.769697	27.374028	8.504432	27.684117	3.854083	-1.161159	-9.089154
6	-24.794953	-2.800903	-5.897617	30.893201	9.472684	27.688477	-0.758021	-0.091067	-9.042332
7	-24.411234	-3.136768	-6.793094	33.739359	10.463176	27.611137	-4.73275	0.748669	-9.039498
8	-23.882835	-3.694812	-7.406986	36.050743	11.174657	26.906555	-8.096042	1.526986	-8.521349
9	-23.280838	-4.447977	-7.8197	37.987045	11.516893	25.64852	-10.92171	2.286053	-7.421816
10	-22.720045	-5.287599	-8.145162	39.688401	11.577196	24.261089	-13.324563	2.987437	-6.065872
11	-22.30713	-6.084315	-8.49056	41.234955	11.532104	23.156791	-15.42973	3.516614	-4.86623
12	-22.067589	-6.737557	-8.931433	42.654931	11.543312	22.547282	-17.324524	3.781241	-4.091712
13	-21.910959	-7.204184	-9.426812	43.952872	11.67916	22.374944	-19.048506	3.792906	-3.803466
14	-21.705522	-7.521383	-9.842331	45.133184	11.878552	22.341495	-20.635456	3.618701	-3.831784
15	-21.354279	-7.713253	-10.109673	46.14779	12.02868	22.23306	-22.071416	3.281942	-3.987256
16	-20.786881	-7.797956	-10.237946	46.920697	12.034731	21.972005	-23.306316	2.831987	-4.118936
17	-19.972382	-7.793758	-10.261386	47.396986	11.883361	21.599591	-24.29819	2.324431	-4.199027
18	-18.897522	-7.711938	-10.211072	47.545251	11.59944	21.205105	-25.042707	1.787389	-4.276144
19	-17.563378	-7.572786	-10.116844	47.347817	11.19978	20.860167	-25.549171	1.263471	-4.361234
20	-16.016173	-7.422972	-9.994346	46.827657	10.71722	20.566661	-25.828094	0.805407	-4.422837
21	-14.300108	-7.302307	-9.845531	46.010582	10.180436	20.271637	-25.861187	0.429404	-4.429136
22	-12.468481	-7.231185	-9.670089	44.942884	9.644357	19.924134	-25.596881	0.108982	-4.383286
23	-10.562582	-7.208213	-9.446785	43.658983	9.206001	19.53106	-24.991834	-0.233209	-4.374395
24	-8.591094	-7.206935	-9.123835	42.16592	8.930121	19.124054	-24.055685	-0.695766	-4.537092
25	-6.548387	-7.176894	-8.65143	40.484024	8.763617	18.697817	-22.795404	-1.282262	-4.904701
26	-4.433484	-7.068033	-8.00548	38.647191	8.628174	18.24111	-21.178423	-1.912745	-5.441873
27	-2.246536	-6.829799	-7.166163	36.666049	8.504123	17.795112	-19.171173	-2.522442	-6.186355
28	-0.003314	-6.414697	-6.129267	34.55789	8.370756	17.401571	-16.80554	-3.075254	-7.124524
29	2.260544	-5.786961	-4.909491	32.356199	8.179965	17.061095	-14.165687	-3.561346	-8.139677
30	4.483075	-4.92089	-3.55391	30.091365	7.90342	16.810979	-11.298205	-3.974309	-9.196416
31	6.59373	-3.850339	-2.151138	27.798584	7.570581	16.737881	-8.225354	-4.324586	-10.383779
32	8.542225	-2.63468	-0.758628	25.516256	7.209744	16.885757	-4.965831	-4.622989	-11.714376
33	10.283774	-1.334987	0.587524	23.291521	6.832458	17.244964	-1.517935	-4.867166	-13.129625
34	11.78132	-0.018289	1.857734	21.190645	6.45191	17.750727	2.101088	-5.080695	-14.578622
35	13.020624	1.250631	3.025378	19.283984	6.076509	18.291025	5.797893	-5.314842	-16.007372
36	14.003835	2.385966	4.031296	17.642825	5.714657	18.724933	9.374139	-5.61477	-17.294038
37	14.784634	3.30439	4.82773	16.279023	5.399008	18.946843	12.631102	-5.977331	-18.277497
38	15.401664	3.938905	5.402497	15.193813	5.184202	18.901095	15.453034	-6.366664	-18.832492
39	15.884409	4.253924	5.765685	14.391669	5.131871	18.594619	17.796509	-6.74023	-18.908825
40	16.265981	4.260725	5.929454	13.876584	5.293111	18.121396	19.692652	-7.079321	-18.52621
41	16.572308	3.997081	5.900673	13.658723	5.700267	17.634418	21.218183	-7.379511	-17.74608
42	16.805536	3.485324	5.663577	13.799292	6.4014	17.334864	22.39382	-7.603284	-16.699727
43	16.958545	2.795671	5.236275	14.331313	7.377645	17.344719	23.174666	-7.713393	-15.637714
44	17.003281	1.989354	4.631028	15.327474	8.59863	17.672428	23.440187	-7.683361	-14.733847
45	16.902951	1.131079	3.867137	16.869074	10.011788	18.2238	23.121599	-7.492803	-14.067032
46	16.630341	0.288475	2.977088	19.008817	11.542988	18.853004	22.245175	-7.122252	-13.627611
47	16.182344	-0.475644	2.002597	21.748584	13.110155	19.434094	20.919787	-6.563954	-13.352628
48	15.569731	-1.079102	1.027198	25.099248	14.6354	19.835701	19.282952	-5.852838	-13.169905
49	14.855566	-1.488161	0.191687	28.913067	16.090405	19.940048	17.543048	-5.121646	-13.005817
50	14.087104	-1.694595	-0.400993	33.084218	17.453007	19.651957	15.870893	-4.467882	-12.834981
51	13.303437	-1.720167	-0.720541	37.491492	18.687671	18.963439	14.446597	-3.915604	-12.676572
52	12.515764	-1.61102	-0.760027	42.016448	19.800181	17.917518	13.410517	-3.455968	-12.598237
53	11.709094	-1.420846	-0.515781	46.5534	20.844306	16.572876	12.754816	-3.17648	-12.677286
54	10.865563	-1.181158	-0.013626	51.01031	21.851845	14.985473	12.309248	-3.299548	-12.936966
55	9.975236	-0.905601	0.635547	55.374967	22.833665	13.23895	11.907843	-3.799383	-13.310219
56	8.996228	-0.596143	1.379032	59.688578	23.768946	11.329194	11.52147	-4.524461	-13.712758
57	7.860399	-0.257493	2.183253	64.007983	24.572344	9.228394	11.130212	-5.313503	-14.010066
58	6.509098	0.105836	2.976969	68.342537	25.153039	6.990308	10.687558	-6.003239	-14.146483
59	4.901358	0.481337	3.62017	72.636547	25.494756	4.781785	10.134544	-6.395189	-14.202701
60	2.967746	0.830165	3.938653	76.810327	25.660757	2.802732	9.421897	-6.392526	-14.254588
61	0.705475	1.116461	3.893237	80.83429	25.753737	1.108927	8.560182	-6.155185	-14.293603
62	-1.847691	1.331731	3.513018	84.674283	25.807126	-0.318508	7.581889	-5.808267	-14.290411
63	-4.600626	1.480801	2.897322	88.274873	25.815445	-1.537204	6.552135	-5.41325	-14.211808
64	-7.46937	1.564091	2.188531	91.563325	25.750977	-2.615926	5.54213	-4.975324	-14.021374
65	-10.412166	1.580112	1.546752	94.45299	25.563357	-3.611299	4.593132	-4.458828	-13.680392
66	-13.412728	1.532423	1.103082	96.864707	25.206557	-4.532702	3.693436	-3.826299	-13.160984
67	-16.432263	1.438293	0.87358	98.805286	24.70978	-5.34789	2.810606	-3.121378	-12.490798
68	-19.406973	1.31691	0.834128	100.257919	24.158198	-6.021174	1.948153	-2.437582	-11.739396
69	-22.264188	1.193536	0.948375	101.220696	23.669163	-6.543321	1.120127	-1.840088	-11.025202
70	-24.952788	1.091464	1.170064	101.697474	23.295979	-6.893918	0.312645	-1.335299	-10.434059
71	-27.442517	1.037261	1.428828	101.658126	23.004163	-6.992971	-0.523954	-0.960428	-10.004033
72	-29.718764	1.074829	1.625162	101.094083	22.755277	-6.751703	-1.428634	-0.78901	-9.767846
73	-31.779224	1.230098	1.708048	100.062717	22.543419	-6.173305	-2.332232	-0.804586	-9.683347
74	-33.602086	1.493664	1.683726	98.579301	22.372431	-5.283348	-3.128761	-0.926032	-9.665184
75	-35.165732	1.824735	1.551298	96.6425	22.260284	-4.091582	-3.786857	-1.072252	-9.676331
76	-36.457741	2.169672	1.261133	94.248152	22.22906	-2.578385	-4.332186	-1.20195	-9.745704
77	-37.454797	2.466844	0.747627	91.375346	22.29159	-0.717777	-4.758059	-1.275048	-9.91166
78	-38.159953	2.669833	0.022876	88.06136	22.407058	1.437628	-5.053731	-1.263065	-10.170999
79	-38.601848	2.778742	-0.855122	84.358674	22.505711	3.812135	-5.238071	-1.194287	-10.483228
80	-38.802715	2.812454	-1.840266	80.268621	22.600197	6.367473	-5.327374	-1.151489	-10.836941
81	-38.794854	2.772798	-2.878482	75.794534	22.751614	9.067427	-5.351642	-1.247429	-11.214687
82	-38.615164	2.644734	-3.91951	70.977655	22.8891	11.858827	-5.322024	-1.50924	-11.440058
83	-38.278903	2.432827	-4.951636	65.871983	22.789374	14.682432	-5.194427	-1.781732	-11.336422
84	-37.796811	2.185671	-5.988552	60.550472	22.333662	17.495376	-4.866793	-1.92901	-11.1712
85	-37.166321	1.935412	-6.996359	55.078091	21.4881	20.216314	-4.229078	-2.029356	-11.163852
86	-36.37685	1.70057	-7.918877	49.535613	20.197088	22.702657	-3.263419	-2.103882	-11.159776
87	-35.427142	1.519467	-8.738668	44.006258	18.449332	24.840474	-2.000701	-2.061224	-10.956514
88	-34.338379	1.428857	-9.441445	38.56508	16.321711	26.567468	-0.440438	-1.916522	-10.592023
89	-33.163622	1.415327	-9.910887	33.321486	13.982413	27.790695	1.416594	-1.844917	-10.347555
90	-32.0101	1.384241	-9.988507	28.397043	11.673131	28.481756	3.426834	-2.027794	-10.451154
91	-30.971102	1.245847	-9.557041	23.929788	9.555609	28.637085	5.382388	-2.589014	-10.907529
92	-30.098895	0.95731	-8.614027	20.033393	7.736953	28.370343	7.080582	-3.617489	-11.660273
93	-29.408665	0.531345	-7.297959	16.769845	6.284126	27.903096	8.421434	-5.112546	-12.604364
94	-28.897767	0.020004	-5.833116	14.161453	5.218122	27.452092	9.44009	-6.937084	-13.562347
95	-28.564569	-0.500423	-4.497372	12.271079	4.545622	27.200798	10.246545	-8.835549	-14.34313
96	-28.338495	-0.96298	-3.484509	10.996285	4.157702	27.216456	10.989751	-10.530789	-14.831692
97	-28.143555	-1.35432	-2.844813	10.282625	3.974715	27.486461	11.738199	-11.873303	-14.966718
98	-27.938755	-1.7055	-2.528317	10.114906	3.960064	27.906393	12.490136	-12.836527	-14.785652
99	-27.734048	-2.062539	-2.459604	10.503575	4.141265	28.353143	13.181336	-13.471214	-14.423168
100	-27.546647	-2.454876	-2.581104	11.439528	4.573895	28.79404	13.752771	-13.786342	-14.018906
