Time	Hip_Z	Hip_X	Hip_Y	Knee_Z	Knee_X	Knee_Y	Ankle_Z	Ankle_X	Ankle_Y
0	-24.880762	-1.871379	-8.403851	9.421829	2.461701	33.496117	-8.209764	-12.428038	-17.719935
1	-24.714514	-2.10628	-9.320917	10.897624	3.386257	34.061088	-7.625056	-12.722326	-17.384947
2	-24.50315	-2.448017	-10.206424	12.709411	4.344512	34.253992	-6.563951	-12.84781	-16.902023
3	-24.252363	-2.843032	-10.982042	14.830451	5.140413	33.965289	-5.254121	-12.56782	-16.164103
4	-24.0171	-3.219398	-11.640761	17.303186	5.585549	33.153255	-4.255624	-11.389677	-15.16091
5	-23.945379	-3.504119	-12.258691	20.332322	5.427678	31.769529	-4.299436	-8.827087	-13.738569
6	-24.159701	-3.704527	-12.89857	23.88135	4.774897	30.050585	-5.287192	-5.557311	-11.821891
7	-24.746648	-3.882696	-13.48504	27.794078	4.009418	28.360194	-6.83966	-2.336607	-9.767654
8	-25.681088	-4.132387	-13.879202	31.843289	3.631649	26.993004	-8.646674	0.285066	-8.148992
9	-26.777606	-4.516411	-13.96004	35.764986	3.828809	25.779618	-10.656384	1.868507	-7.109443
10	-27.713121	-4.982815	-13.745114	39.326849	4.16745	24.289297	-12.760733	2.598648	-6.20921
11	-28.299965	-5.485937	-13.215626	42.377746	4.332052	22.389764	-14.836538	2.757133	-5.259516
12	-28.50001	-5.938693	-12.487131	44.861442	4.269699	20.341791	-16.794561	2.667042	-4.352503
13	-28.307217	-6.154493	-11.872791	46.672665	4.097629	18.770854	-18.551418	2.588865	-3.693614
14	-27.79363	-6.08649	-11.558146	47.927426	3.8849	17.950368	-20.117572	2.617873	-3.257095
15	-26.9181	-5.770409	-11.553263	48.647554	3.622564	17.890022	-21.498426	2.7235	-3.027316
16	-25.63826	-5.285935	-11.796626	48.87572	3.308008	18.423439	-22.703793	2.838878	-3.007295
17	-23.934626	-4.748616	-12.221088	48.661885	2.925469	19.279358	-23.711825	2.895696	-3.145575
18	-22.015168	-4.321196	-12.692521	48.186531	2.516154	20.115456	-24.541935	2.875514	-3.3266
19	-20.030622	-4.109281	-13.118575	47.502372	2.135819	20.761937	-25.179118	2.76745	-3.553044
20	-18.071316	-4.129365	-13.442331	46.625013	1.816487	21.134991	-25.620219	2.566434	-3.818448
21	-16.155604	-4.328013	-13.626266	45.511718	1.631664	21.230416	-25.836128	2.279038	-4.122043
22	-14.246122	-4.575219	-13.694347	44.175216	1.611663	21.183801	-25.837767	1.958571	-4.470379
23	-12.311557	-4.806267	-13.649761	42.609519	1.739737	21.043039	-25.598335	1.616787	-4.812906
24	-10.314198	-4.986166	-13.483091	40.830389	1.9937	20.845393	-25.085273	1.257955	-5.213182
25	-8.187954	-5.082042	-13.142178	38.855722	2.369776	20.630973	-24.198661	0.910855	-5.85203
26	-5.932807	-5.106477	-12.636722	36.772076	2.825106	20.447065	-22.990662	0.558321	-6.640797
27	-3.568019	-5.073991	-11.971636	34.621599	3.33549	20.345299	-21.484344	0.167657	-7.475766
28	-1.133633	-4.985079	-11.159571	32.431807	3.865344	20.380433	-19.671214	-0.257451	-8.375017
29	1.30545	-4.80515	-10.207345	30.23884	4.381032	20.655529	-17.48153	-0.716802	-9.438327
30	3.674109	-4.524795	-9.160224	28.099494	4.867108	21.173758	-14.995285	-1.221518	-10.674613
31	5.924402	-4.129061	-8.023255	26.070347	5.296213	21.888962	-12.263253	-1.776739	-12.049266
32	8.033556	-3.595338	-6.792415	24.201369	5.605164	22.688597	-9.346088	-2.37323	-13.464826
33	9.952238	-2.897987	-5.497265	22.552081	5.697772	23.454703	-6.275037	-3.025156	-14.751946
34	11.668007	-2.139761	-4.270161	21.0951	5.634081	24.160872	-3.099475	-3.762475	-15.767018
35	13.142316	-1.423527	-3.21727	19.840092	5.494412	24.812034	0.131988	-4.588969	-16.427732
36	14.339224	-0.833115	-2.385147	18.819237	5.351024	25.396002	3.319801	-5.462077	-16.736961
37	15.170453	-0.470418	-1.820254	18.149104	5.300338	25.883688	6.316506	-6.378937	-16.692272
38	15.673717	-0.334854	-1.46975	17.849046	5.405042	26.281236	9.053323	-7.355855	-16.372621
39	15.863206	-0.41839	-1.330476	17.957522	5.69319	26.590081	11.449371	-8.302669	-15.764865
40	15.771341	-0.704538	-1.426855	18.492157	6.173538	26.84105	13.420317	-9.037477	-14.926276
41	15.410909	-1.200274	-1.821854	19.534576	6.877113	27.070683	14.737054	-9.379092	-14.081073
42	14.883613	-1.811031	-2.442777	21.019983	7.719622	27.264261	15.335085	-9.411917	-13.427531
43	14.248135	-2.458165	-3.233584	22.939986	8.61819	27.361014	15.197467	-9.226998	-12.981615
44	13.555095	-3.081374	-4.12995	25.256308	9.505049	27.307141	14.5009	-8.911153	-12.671721
45	12.854143	-3.620476	-5.029499	27.957948	10.340899	27.043096	13.522292	-8.542001	-12.426952
46	12.192093	-4.048248	-5.809206	30.92329	11.148962	26.602599	12.525278	-8.220778	-12.218382
47	11.595441	-4.34	-6.38516	34.103968	11.952314	25.992264	11.56709	-8.019488	-12.049111
48	11.071423	-4.482529	-6.710831	37.471396	12.765188	25.205685	10.67234	-7.953086	-11.902499
49	10.619397	-4.447547	-6.736315	41.010202	13.647994	24.258355	9.940996	-7.980195	-11.80349
50	10.206066	-4.267513	-6.54632	44.637472	14.659755	23.241148	9.474266	-7.995492	-11.781177
51	9.802017	-3.949258	-6.19231	48.338954	15.796011	22.141982	9.346082	-7.906873	-11.786474
52	9.371852	-3.502965	-5.712212	52.131332	16.989632	20.905177	9.482721	-7.69352	-11.745536
53	8.862835	-2.962478	-5.156838	56.012127	18.154017	19.519361	9.64478	-7.46194	-11.643678
54	8.24543	-2.404896	-4.619456	59.932181	19.215959	18.078847	9.675442	-7.255955	-11.493011
55	7.474416	-1.856738	-4.148043	63.887701	20.116198	16.62733	9.545537	-7.022607	-11.246652
56	6.489193	-1.320088	-3.778164	67.886801	20.829335	15.200294	9.224097	-6.733706	-10.826844
57	5.170802	-0.760296	-3.587659	71.930894	21.330816	13.872653	8.640636	-6.408614	-10.16072
58	3.538452	-0.110015	-3.601521	75.976453	21.654373	12.696846	7.888177	-6.072155	-9.358403
59	1.631762	0.682876	-3.80707	79.952096	21.789308	11.690774	7.113575	-5.687848	-8.551693
60	-0.476159	1.596776	-4.107188	83.774423	21.750518	10.801415	6.410824	-5.232133	-7.875242
61	-2.759445	2.529142	-4.347995	87.356171	21.616955	9.902772	5.74239	-4.751381	-7.467674
62	-5.184314	3.391043	-4.474755	90.724833	21.507636	8.90336	5.041594	-4.314647	-7.325593
63	-7.719344	4.157956	-4.549156	93.863076	21.435449	7.845928	4.323609	-3.919149	-7.43191
64	-10.29781	4.81435	-4.668564	96.716469	21.346176	6.851146	3.640715	-3.525488	-7.718714
65	-12.83045	5.291069	-4.899972	99.133195	21.157248	6.06469	3.052916	-3.102079	-8.052161
66	-15.25979	5.575852	-5.224408	101.096198	20.850246	5.518112	2.572482	-2.635739	-8.292555
67	-17.564976	5.684152	-5.630801	102.575541	20.448852	5.228701	2.18682	-2.130606	-8.391314
68	-19.751113	5.705845	-6.115218	103.572526	19.993519	5.233399	1.815589	-1.62085	-8.348677
69	-21.79155	5.802543	-6.643922	104.016603	19.513042	5.636686	1.327049	-1.168439	-8.168893
70	-23.716826	6.046045	-7.149357	104.010168	19.056937	6.333295	0.694123	-0.822292	-7.926436
71	-25.574271	6.412588	-7.610219	103.592155	18.678232	7.216966	-0.100227	-0.647757	-7.714072
72	-27.397541	6.827754	-8.006799	102.789358	18.425718	8.193128	-1.091266	-0.691035	-7.620054
73	-29.177841	7.178033	-8.31381	101.548732	18.388441	9.202149	-2.206375	-0.911188	-7.640006
74	-30.864218	7.374732	-8.561406	99.920015	18.592864	10.231393	-3.24659	-1.152362	-7.696771
75	-32.374509	7.356428	-8.756415	97.881736	19.041656	11.299395	-4.170948	-1.361916	-7.809594
76	-33.651662	7.100523	-8.905425	95.425515	19.664129	12.427216	-4.999703	-1.548368	-7.992647
77	-34.636871	6.614466	-9.059071	92.481653	20.333095	13.680327	-5.710276	-1.724799	-8.272846
78	-35.39221	6.007913	-9.266413	89.140392	20.947651	15.072283	-6.304738	-1.862477	-8.683308
79	-35.952471	5.33736	-9.535025	85.446598	21.491261	16.593339	-6.841286	-1.954735	-9.218813
80	-36.338592	4.639357	-9.858696	81.434765	21.952181	18.24419	-7.478934	-2.113686	-9.815715
81	-36.530428	3.934087	-10.237194	77.074097	22.232468	20.057341	-8.237487	-2.490562	-10.313634
82	-36.566601	3.234718	-10.652238	72.453124	22.280175	21.974751	-8.855053	-2.947177	-10.67642
83	-36.462575	2.558869	-11.093936	67.633381	22.065316	23.929678	-9.274333	-3.377414	-10.963686
84	-36.230679	1.927085	-11.547624	62.675275	21.52377	25.83487	-9.574511	-3.781209	-11.166715
85	-35.839127	1.35705	-11.977732	57.599395	20.49332	27.55087	-9.759154	-4.154939	-11.219413
86	-35.286028	0.838675	-12.352305	52.431876	19.043919	29.028987	-9.815578	-4.429685	-11.171953
87	-34.560074	0.381032	-12.661663	47.18451	17.248139	30.243918	-9.748692	-4.585205	-11.114703
88	-33.663392	-0.000933	-12.901851	41.88404	15.187751	31.170648	-9.627695	-4.723162	-11.131004
89	-32.584644	-0.285861	-13.030151	36.588238	12.939408	31.733013	-9.520269	-4.977456	-11.284242
90	-31.406091	-0.507893	-12.994943	31.41577	10.693076	31.991434	-9.478849	-5.420551	-11.634484
91	-30.226876	-0.725275	-12.676609	26.528163	8.649992	31.994956	-9.528934	-6.108613	-12.379153
92	-29.140765	-0.99337	-11.963402	22.082681	6.954232	31.859024	-9.622204	-7.030984	-13.677159
93	-28.224648	-1.331395	-10.781395	18.315285	5.636346	31.672331	-9.665612	-8.069524	-15.374443
94	-27.465328	-1.696531	-9.330218	15.214298	4.52785	31.438304	-9.621855	-9.000464	-17.002744
95	-26.847057	-2.031085	-7.842936	12.781587	3.554298	31.191154	-9.484889	-9.666172	-18.287095
96	-26.347267	-2.264092	-6.604375	10.979333	2.699697	31.04116	-9.2784	-10.027276	-19.039377
97	-25.957493	-2.326293	-5.961811	9.854229	2.062156	31.187845	-9.049847	-10.235863	-19.089183
98	-25.631362	-2.286722	-5.90218	9.278939	1.722023	31.665981	-8.847368	-10.551855	-18.677653
99	-25.352347	-2.237747	-6.315601	9.253828	1.754081	32.412836	-8.689025	-11.037977	-18.088717
100	-25.124616	-2.252634	-7.043334	9.778377	2.17342	33.288307	-8.567166	-11.607359	-17.644942
