Time	Hip_Z	Hip_X	Hip_Y	Knee_Z	Knee_X	Knee_Y	Ankle_Z	Ankle_X	Ankle_Y
0	-21.525408	-2.36273	-3.137033	11.293464	2.368416	19.029629	0.655975	-3.655147	-13.086947
1	-20.932552	-2.465801	-4.030589	12.546562	2.822795	19.350171	0.908059	-2.071675	-12.753903
2	-20.383776	-2.501843	-4.953989	14.207889	3.203889	19.485486	0.454397	-0.417423	-12.253456
3	-19.933543	-2.488187	-5.861883	16.306616	3.487153	19.421163	-0.79173	1.10996	-11.527172
4	-19.60568	-2.464188	-6.70348	18.754383	3.745078	19.274661	-2.579737	2.353111	-10.673983
5	-19.363682	-2.481668	-7.437852	21.376666	4.095637	19.146925	-4.572307	3.21725	-9.859102
6	-19.11517	-2.586568	-8.001633	24.008379	4.547695	18.945104	-6.560372	3.699415	-9.114414
7	-18.737877	-2.795187	-8.30541	26.524435	4.955123	18.443319	-8.483742	3.860726	-8.3144
8	-18.12029	-3.08778	-8.313106	28.808838	5.137834	17.497422	-10.346718	3.772233	-7.328797
9	-17.214446	-3.41797	-8.095124	30.744003	5.008449	16.181591	-12.127218	3.540994	-6.155115
10	-16.072126	-3.726799	-7.775511	32.244605	4.628168	14.774786	-13.767506	3.303596	-4.9423
11	-14.830864	-3.958322	-7.465483	33.298139	4.168655	13.621713	-15.239228	3.136699	-3.903335
12	-13.64958	-4.075932	-7.259176	33.959548	3.805154	12.987922	-16.56302	3.031252	-3.223355
13	-12.626798	-4.070098	-7.230325	34.303834	3.63242	12.983199	-17.768008	2.94861	-3.010394
14	-11.755701	-3.947577	-7.39162	34.397529	3.620936	13.493244	-18.869812	2.860789	-3.205438
15	-10.952497	-3.71837	-7.685166	34.297355	3.652647	14.213628	-19.869734	2.753717	-3.590219
16	-10.120937	-3.398485	-8.026369	34.040877	3.63668	14.853276	-20.757375	2.623238	-3.963536
17	-9.19067	-3.019184	-8.338472	33.640839	3.558362	15.268929	-21.518175	2.474999	-4.222047
18	-8.12847	-2.625574	-8.574826	33.098722	3.439173	15.43141	-22.126227	2.316411	-4.324681
19	-6.937606	-2.26016	-8.745677	32.413669	3.311094	15.379321	-22.533609	2.14465	-4.310273
20	-5.640681	-1.943934	-8.896302	31.581631	3.212352	15.200605	-22.685454	1.942288	-4.286879
21	-4.259963	-1.673177	-9.041423	30.602216	3.174717	14.989312	-22.541582	1.68633	-4.351512
22	-2.810355	-1.433188	-9.139613	29.490349	3.211747	14.801897	-22.086216	1.373857	-4.557127
23	-1.306383	-1.20906	-9.133205	28.276608	3.310824	14.653571	-21.328722	1.03727	-4.913438
24	0.224771	-0.988259	-9.001508	26.99867	3.43864	14.541622	-20.295325	0.719841	-5.383899
25	1.743106	-0.76153	-8.765227	25.694854	3.567956	14.470882	-19.020327	0.437971	-5.926379
26	3.207081	-0.516127	-8.447512	24.401188	3.689052	14.452008	-17.53689	0.178797	-6.531089
27	4.579497	-0.232604	-8.048945	23.152456	3.795898	14.466556	-15.869486	-0.076238	-7.190799
28	5.829382	0.103236	-7.555632	21.981341	3.884933	14.463264	-14.03556	-0.340644	-7.878419
29	6.936394	0.494501	-6.958638	20.909773	3.96202	14.405971	-12.050707	-0.625366	-8.586035
30	7.892358	0.940429	-6.264338	19.943558	4.03426	14.30237	-9.936973	-0.942837	-9.347237
31	8.694459	1.43571	-5.495106	19.083503	4.104298	14.182395	-7.730385	-1.300812	-10.193552
32	9.33715	1.959507	-4.689606	18.346649	4.176922	14.056584	-5.48077	-1.679466	-11.100878
33	9.813225	2.470195	-3.905274	17.768888	4.26412	13.900106	-3.243467	-2.023678	-11.972638
34	10.120045	2.914841	-3.212982	17.385552	4.378968	13.679132	-1.056071	-2.265684	-12.671514
35	10.263878	3.25144	-2.672632	17.222916	4.522034	13.375165	1.072059	-2.356514	-13.099443
36	10.260686	3.462539	-2.312142	17.303698	4.683218	12.990931	3.123561	-2.286316	-13.246838
37	10.128582	3.541758	-2.13711	17.648899	4.861183	12.560833	5.04519	-2.07386	-13.155542
38	9.88073	3.478216	-2.153531	18.27696	5.072575	12.1553	6.773162	-1.74731	-12.879567
39	9.53537	3.269672	-2.378377	19.198678	5.345304	11.870155	8.256646	-1.355435	-12.484836
40	9.126771	2.940118	-2.833148	20.40783	5.711464	11.807734	9.455818	-0.984714	-12.033874
41	8.691216	2.529921	-3.520509	21.879633	6.199123	12.047466	10.348755	-0.739772	-11.563885
42	8.247157	2.087663	-4.38784	23.583327	6.810773	12.604427	10.936981	-0.689808	-11.096672
43	7.795677	1.683442	-5.295663	25.505523	7.504071	13.387193	11.226716	-0.824208	-10.662022
44	7.330141	1.397444	-6.047203	27.659726	8.216325	14.217949	11.214255	-1.066924	-10.302168
45	6.844766	1.275251	-6.496308	30.056174	8.922217	14.943657	10.907484	-1.34562	-10.055818
46	6.340951	1.312207	-6.612208	32.666651	9.655875	15.511277	10.359625	-1.639345	-9.945526
47	5.822619	1.483986	-6.421261	35.433944	10.475513	15.91654	9.671488	-1.951799	-9.981126
48	5.286962	1.77003	-5.942516	38.302308	11.420299	16.137047	8.966413	-2.272865	-10.166154
49	4.725846	2.140776	-5.211493	41.222849	12.506255	16.149798	8.362982	-2.591704	-10.496606
50	4.13318	2.542909	-4.313207	44.143909	13.745076	15.970303	7.944773	-2.908583	-10.953412
51	3.505402	2.916784	-3.351976	47.019264	15.137579	15.639516	7.736723	-3.197947	-11.49054
52	2.831414	3.225703	-2.409601	49.830485	16.651234	15.188503	7.71415	-3.383501	-12.026386
53	2.081879	3.463448	-1.541234	52.595957	18.220978	14.626208	7.830552	-3.391504	-12.463325
54	1.217209	3.643528	-0.785707	55.356446	19.766599	13.949146	8.032787	-3.221843	-12.741035
55	0.214406	3.790328	-0.175248	58.149976	21.206292	13.161746	8.263858	-2.932035	-12.87109
56	-0.908263	3.939406	0.252651	60.992056	22.456356	12.291665	8.453069	-2.570447	-12.899606
57	-2.087754	4.134806	0.461611	63.867069	23.421276	11.382303	8.503465	-2.158751	-12.848012
58	-3.243483	4.406753	0.43963	66.727179	24.01339	10.475533	8.318461	-1.697895	-12.716215
59	-4.322284	4.746037	0.20679	69.501688	24.198718	9.603322	7.855873	-1.15511	-12.508795
60	-5.331028	5.106366	-0.192513	72.119142	24.009359	8.782704	7.143141	-0.488577	-12.234448
61	-6.338286	5.427198	-0.702576	74.524637	23.532264	8.018563	6.243747	0.287342	-11.929168
62	-7.446912	5.652829	-1.280547	76.683498	22.899975	7.316046	5.214401	1.076533	-11.684707
63	-8.752276	5.744284	-1.907825	78.578448	22.247017	6.680282	4.085734	1.748144	-11.604029
64	-10.30142	5.686756	-2.577253	80.198623	21.656018	6.112017	2.886822	2.212008	-11.725422
65	-12.069755	5.48847	-3.287392	81.525294	21.156941	5.622289	1.688463	2.450519	-12.002652
66	-13.972975	5.171789	-4.036878	82.530202	20.750986	5.237993	0.603778	2.497596	-12.350392
67	-15.907566	4.765017	-4.804936	83.186804	20.419214	4.9859	-0.279824	2.412313	-12.710302
68	-17.787569	4.300583	-5.553145	83.480376	20.137483	4.888098	-0.970643	2.259375	-13.068615
69	-19.556033	3.821409	-6.250432	83.410739	19.892206	4.965504	-1.54508	2.093406	-13.412265
70	-21.181105	3.381493	-6.882685	82.990135	19.672414	5.230512	-2.066804	1.949753	-13.703633
71	-22.653986	3.02547	-7.443674	82.237509	19.461662	5.681037	-2.566648	1.83825	-13.910069
72	-23.984653	2.770522	-7.926751	81.171827	19.244728	6.305742	-3.060995	1.749033	-14.033362
73	-25.188806	2.61113	-8.326388	79.808214	19.010043	7.092744	-3.55024	1.668204	-14.098326
74	-26.276984	2.526677	-8.646625	78.155769	18.747404	8.030424	-4.016794	1.590978	-14.121877
75	-27.255248	2.483021	-8.896711	76.219298	18.443544	9.094582	-4.440795	1.522852	-14.099727
76	-28.127009	2.442162	-9.078392	74.007208	18.078516	10.240768	-4.816494	1.461656	-14.013644
77	-28.884948	2.377807	-9.191512	71.532316	17.634248	11.423163	-5.156585	1.383316	-13.839368
78	-29.506933	2.281864	-9.240431	68.802387	17.096961	12.613101	-5.494436	1.248887	-13.55305
79	-29.969335	2.156428	-9.227305	65.814142	16.463149	13.795219	-5.865914	1.023645	-13.157613
80	-30.258985	1.995931	-9.157332	62.551996	15.761561	14.962301	-6.234711	0.71242	-12.703111
81	-30.367156	1.779962	-9.044602	58.99662	15.031471	16.098971	-6.449032	0.380994	-12.250804
82	-30.286929	1.48773	-8.891851	55.146746	14.27062	17.144388	-6.350526	0.098739	-11.840105
83	-30.02435	1.11175	-8.670848	51.029229	13.440264	17.989974	-5.921927	-0.147954	-11.513601
84	-29.598894	0.66758	-8.344074	46.683668	12.515251	18.552598	-5.275212	-0.449499	-11.328345
85	-29.035789	0.208335	-7.914573	42.153345	11.502906	18.853939	-4.525607	-0.895323	-11.321899
86	-28.371803	-0.188712	-7.431371	37.510679	10.421814	18.995246	-3.729678	-1.525326	-11.484264
87	-27.663667	-0.472337	-6.923643	32.886015	9.289416	19.049561	-2.925783	-2.317043	-11.768475
88	-26.98131	-0.648653	-6.355313	28.45421	8.133513	19.007467	-2.183684	-3.200611	-12.13312
89	-26.38673	-0.765018	-5.654835	24.385139	6.997714	18.822492	-1.593145	-4.100782	-12.572564
90	-25.909969	-0.87413	-4.759262	20.797804	5.91278	18.470449	-1.204988	-4.945028	-13.099927
91	-25.543567	-1.002674	-3.661138	17.744817	4.872577	17.969802	-0.9965	-5.652553	-13.694809
92	-25.262197	-1.143379	-2.464278	15.229091	3.87145	17.381297	-0.899633	-6.164174	-14.260009
93	-25.039454	-1.276028	-1.361574	13.230463	2.949824	16.785152	-0.850365	-6.470303	-14.647796
94	-24.842255	-1.384483	-0.546245	11.709134	2.184631	16.263755	-0.812827	-6.609733	-14.750603
95	-24.625556	-1.456617	-0.153526	10.597489	1.64687	15.903236	-0.769472	-6.644126	-14.561914
96	-24.34921	-1.490802	-0.219252	9.82529	1.355706	15.755142	-0.702792	-6.599817	-14.162234
97	-23.998715	-1.509037	-0.662549	9.360368	1.278004	15.804098	-0.605173	-6.459723	-13.685184
98	-23.583412	-1.55285	-1.341161	9.210768	1.382052	16.006275	-0.490168	-6.225764	-13.281906
99	-23.118857	-1.650718	-2.130992	9.392575	1.653382	16.31824	-0.355098	-5.925974	-13.0522
100	-22.614489	-1.790964	-2.967739	9.902397	2.057874	16.690718	-0.144661	-5.554524	-12.993304
