Time	Hip_Z	Hip_X	Hip_Y	Knee_Z	Knee_X	Knee_Y	Ankle_Z	Ankle_X	Ankle_Y
0	-29.703172	-4.589857	-2.484692	19.635784	5.440544	20.682553	-4.387778	-3.558422	-10.059791
1	-29.666871	-4.695983	-3.416995	21.911305	5.83213	20.303748	-4.471184	-1.996316	-9.151674
2	-29.629533	-4.797447	-4.434848	24.518111	6.189788	19.848695	-5.230797	-0.697026	-8.106031
3	-29.586274	-4.953129	-5.41563	27.305657	6.472007	19.289175	-6.433377	0.348142	-6.99662
4	-29.530353	-5.213626	-6.275638	30.103562	6.70435	18.666236	-7.811536	1.187614	-5.91292
5	-29.463845	-5.599483	-6.988213	32.758918	6.950354	18.047818	-9.204391	1.858527	-4.931935
6	-29.40214	-6.101579	-7.549325	35.161654	7.247876	17.444711	-10.553308	2.376865	-4.065251
7	-29.347369	-6.685885	-7.957042	37.244587	7.567499	16.808882	-11.852982	2.760488	-3.253722
8	-29.257078	-7.294233	-8.233861	38.965704	7.849923	16.144662	-13.109761	3.048664	-2.460121
9	-29.063565	-7.84968	-8.445709	40.299606	8.086271	15.579695	-14.321713	3.271779	-1.733314
10	-28.728801	-8.278956	-8.675907	41.255524	8.314163	15.270175	-15.48593	3.422554	-1.131599
11	-28.260608	-8.545228	-8.965334	41.891318	8.541767	15.259611	-16.601968	3.484108	-0.644189
12	-27.672936	-8.657411	-9.274766	42.285599	8.731812	15.464963	-17.656156	3.469747	-0.233401
13	-26.951358	-8.648646	-9.521095	42.494569	8.847442	15.767181	-18.63241	3.408162	0.095753
14	-26.066036	-8.553826	-9.652789	42.541422	8.871875	16.079684	-19.529725	3.319583	0.313166
15	-25.006773	-8.404144	-9.677653	42.42827	8.798499	16.358033	-20.336582	3.232058	0.433247
16	-23.79669	-8.23009	-9.633569	42.145631	8.634073	16.590268	-21.016816	3.180986	0.519773
17	-22.476433	-8.058651	-9.556348	41.685009	8.395439	16.77322	-21.528664	3.182291	0.639904
18	-21.083814	-7.903734	-9.473885	41.049364	8.102099	16.900043	-21.845148	3.217924	0.819996
19	-19.645908	-7.763611	-9.412529	40.252356	7.78363	16.97749	-21.965697	3.239994	1.017523
20	-18.178857	-7.630423	-9.383034	39.318174	7.467209	17.018168	-21.890329	3.201394	1.165537
21	-16.691536	-7.495544	-9.361873	38.283709	7.163631	17.023525	-21.60493	3.076815	1.229007
22	-15.189253	-7.347741	-9.311145	37.187386	6.88065	17.000147	-21.112929	2.851649	1.196507
23	-13.671357	-7.174484	-9.213095	36.050289	6.629037	16.973966	-20.427992	2.526989	1.074217
24	-12.131484	-6.962907	-9.07129	34.875945	6.410329	16.980829	-19.548236	2.134676	0.888764
25	-10.563753	-6.701843	-8.886133	33.664308	6.210831	17.042055	-18.474815	1.721096	0.670338
26	-8.963927	-6.38786	-8.638553	32.417226	6.013455	17.147144	-17.221274	1.321902	0.443359
27	-7.329396	-6.024541	-8.296945	31.139063	5.81139	17.26547	-15.793374	0.958843	0.220265
28	-5.665712	-5.614846	-7.834614	29.84176	5.608137	17.369394	-14.183505	0.64873	-0.004824
29	-3.992892	-5.15983	-7.237949	28.550323	5.414671	17.444679	-12.389496	0.411605	-0.249847
30	-2.343334	-4.665037	-6.512792	27.301202	5.249084	17.491075	-10.427219	0.268233	-0.538479
31	-0.753176	-4.143872	-5.69276	26.13293	5.128659	17.518484	-8.32905	0.21655	-0.893164
32	0.743256	-3.616248	-4.831323	25.078166	5.058762	17.535424	-6.136664	0.22443	-1.314475
33	2.114579	-3.111046	-3.986305	24.158636	5.035019	17.541546	-3.885217	0.259826	-1.768415
34	3.334977	-2.669362	-3.212865	23.381806	5.058437	17.535941	-1.603696	0.299498	-2.194967
35	4.38653	-2.336958	-2.556496	22.747947	5.141002	17.519957	0.672934	0.309623	-2.520623
36	5.259329	-2.150398	-2.04651	22.262616	5.297543	17.489753	2.913318	0.252849	-2.676531
37	5.950277	-2.126817	-1.695714	21.942425	5.538385	17.442928	5.091268	0.114667	-2.626522
38	6.458659	-2.258577	-1.501195	21.817346	5.865301	17.391114	7.169185	-0.088197	-2.385272
39	6.780787	-2.518411	-1.449893	21.930426	6.275748	17.361915	9.10093	-0.323594	-2.008402
40	6.908569	-2.871546	-1.534135	22.332331	6.770142	17.396041	10.846536	-0.558274	-1.568194
41	6.832396	-3.280663	-1.761797	23.074436	7.351926	17.541528	12.372959	-0.759702	-1.151912
42	6.547747	-3.70563	-2.144028	24.20115	8.027261	17.833704	13.648955	-0.913532	-0.86769
43	6.064471	-4.104497	-2.673523	25.741939	8.796918	18.258178	14.655104	-1.043066	-0.796546
44	5.412965	-4.436908	-3.316058	27.706157	9.638072	18.730689	15.382274	-1.19313	-0.934467
45	4.639535	-4.669993	-4.01033	30.086706	10.495177	19.113065	15.791002	-1.398275	-1.208777
46	3.793419	-4.780997	-4.673107	32.871093	11.283764	19.24886	15.8107	-1.661577	-1.521422
47	2.917915	-4.757071	-5.225648	36.031641	11.913627	19.031638	15.417039	-1.952563	-1.782535
48	2.050145	-4.59727	-5.616625	39.49322	12.337878	18.473574	14.681315	-2.234214	-1.96261
49	1.220814	-4.314093	-5.812264	43.137616	12.578534	17.673731	13.739697	-2.493464	-2.100499
50	0.447478	-3.931987	-5.790942	46.850412	12.697783	16.730936	12.732541	-2.742485	-2.2394
51	-0.271562	-3.484596	-5.558156	50.544553	12.7707	15.719594	11.761332	-2.998361	-2.393564
52	-0.9562	-3.009761	-5.143204	54.155049	12.866634	14.687553	10.89896	-3.250653	-2.559376
53	-1.644656	-2.537869	-4.580966	57.64336	13.011763	13.641837	10.227266	-3.432519	-2.712163
54	-2.394131	-2.079644	-3.909686	60.999337	13.185719	12.57682	9.78962	-3.460808	-2.814792
55	-3.270354	-1.628218	-3.174754	64.221418	13.367771	11.513656	9.475076	-3.340186	-2.847366
56	-4.328138	-1.171069	-2.428911	67.302305	13.555456	10.493701	9.076755	-3.156694	-2.820497
57	-5.591256	-0.692291	-1.740703	70.231818	13.741976	9.563558	8.511621	-2.944285	-2.7833
58	-7.047433	-0.168061	-1.189935	73.001067	13.909414	8.772594	7.841163	-2.661833	-2.804007
59	-8.669332	0.424799	-0.826221	75.60637	14.03272	8.147976	7.095931	-2.286868	-2.891483
60	-10.436545	1.090695	-0.642874	78.044066	14.077229	7.67876	6.222903	-1.844007	-2.967909
61	-12.328549	1.811971	-0.617951	80.291868	14.010467	7.355852	5.18647	-1.369417	-2.963751
62	-14.300717	2.562679	-0.760971	82.302909	13.81719	7.211623	4.02074	-0.89308	-2.886375
63	-16.284409	3.319207	-1.092208	84.024835	13.499395	7.291186	2.785888	-0.44033	-2.764915
64	-18.220909	4.059651	-1.585886	85.42248	13.074519	7.586609	1.562452	-0.022814	-2.599383
65	-20.087215	4.758249	-2.157099	86.484238	12.576944	8.019335	0.449018	0.350731	-2.395011
66	-21.884631	5.385045	-2.709427	87.212491	12.049116	8.491755	-0.512771	0.650878	-2.185505
67	-23.615834	5.911118	-3.177043	87.611601	11.530788	8.9346	-1.346187	0.860442	-1.995251
68	-25.278535	6.313083	-3.529556	87.683322	11.060925	9.310352	-2.071987	0.999255	-1.830281
69	-26.868862	6.577949	-3.759669	87.430008	10.668925	9.601	-2.69393	1.081942	-1.710104
70	-28.381819	6.701974	-3.86311	86.859002	10.355644	9.79322	-3.209535	1.10971	-1.653481
71	-29.807959	6.684773	-3.834639	85.97944	10.098783	9.875194	-3.613157	1.105972	-1.652134
72	-31.132173	6.535985	-3.692151	84.797384	9.875149	9.859074	-3.913773	1.098683	-1.68516
73	-32.33858	6.284703	-3.491052	83.316177	9.681276	9.79558	-4.140483	1.072306	-1.744489
74	-33.415861	5.967993	-3.29447	81.534697	9.532555	9.750663	-4.319781	0.976042	-1.848694
75	-34.357387	5.609357	-3.132656	79.448872	9.432069	9.768984	-4.462861	0.770619	-2.017324
76	-35.157908	5.21386	-3.005054	77.064466	9.367802	9.863423	-4.571344	0.452959	-2.245767
77	-35.812512	4.777444	-2.904739	74.404565	9.336128	10.030441	-4.641319	0.052787	-2.515696
78	-36.318724	4.29046	-2.826812	71.499189	9.335757	10.260397	-4.717486	-0.425022	-2.778993
79	-36.675616	3.7354	-2.768036	68.365151	9.393917	10.546264	-4.90695	-1.035061	-2.983226
80	-36.876642	3.09712	-2.733878	64.989511	9.615156	10.921871	-5.209175	-1.779815	-3.179784
81	-36.901299	2.38829	-2.755058	61.3354	10.088133	11.483574	-5.446782	-2.548871	-3.470151
82	-36.724598	1.65648	-2.878121	57.372274	10.736173	12.3267	-5.485346	-3.235959	-3.851942
83	-36.345311	0.952849	-3.111365	53.107545	11.359093	13.461867	-5.372787	-3.80377	-4.282711
84	-35.79481	0.306557	-3.398253	48.602181	11.7819	14.813817	-5.240219	-4.240642	-4.779492
85	-35.118504	-0.262579	-3.657891	43.964115	11.910924	16.282316	-5.198156	-4.549242	-5.367478
86	-34.363967	-0.731682	-3.828018	39.326953	11.711421	17.777188	-5.312813	-4.762919	-6.030333
87	-33.580186	-1.086767	-3.872902	34.829913	11.181449	19.202513	-5.587481	-4.926497	-6.715962
88	-32.814223	-1.339741	-3.773486	30.601578	10.355771	20.442001	-5.970936	-5.108028	-7.372311
89	-32.109267	-1.536373	-3.508958	26.7498	9.321353	21.375474	-6.411308	-5.433952	-7.976107
90	-31.499165	-1.735119	-3.058808	23.353358	8.198984	21.931333	-6.864978	-6.013825	-8.532498
91	-30.994214	-1.964173	-2.446173	20.444934	7.098343	22.146665	-7.276395	-6.834581	-9.072649
92	-30.578103	-2.213608	-1.758612	18.0066	6.097521	22.158451	-7.594978	-7.760501	-9.649831
93	-30.223012	-2.468923	-1.102305	15.998992	5.252107	22.12068	-7.799701	-8.611183	-10.316072
94	-29.905857	-2.732498	-0.554662	14.401466	4.597151	22.115062	-7.891902	-9.254729	-11.060247
95	-29.61815	-3.018572	-0.151089	13.235636	4.139068	22.104408	-7.877251	-9.652476	-11.760764
96	-29.366587	-3.341604	0.115442	12.561249	3.859855	21.967511	-7.761191	-9.834937	-12.251434
97	-29.160993	-3.701018	0.25854	12.435995	3.736906	21.618447	-7.525641	-9.828453	-12.443866
98	-29.000683	-4.069768	0.24449	12.866331	3.757944	21.10312	-7.104218	-9.55952	-12.360221
99	-28.871847	-4.40317	-0.002535	13.798671	3.917476	20.56668	-6.43124	-8.869218	-12.073066
100	-28.754578	-4.663437	-0.543835	15.155648	4.202342	20.134871	-5.555031	-7.683188	-11.638797
