Time	Hip_Z	Hip_X	Hip_Y	Knee_Z	Knee_X	Knee_Y	Ankle_Z	Ankle_X	Ankle_Y
0	-28.651235	-0.625532	-5.076368	13.901908	2.119919	15.895305	4.799749	-11.56664	-9.608161
1	-28.353669	-0.677069	-5.819706	15.170351	2.185846	16.287778	4.756049	-10.680241	-9.365635
2	-28.090976	-0.730614	-6.55275	17.017982	2.180213	16.438014	4.167713	-8.828913	-8.960706
3	-27.897738	-0.846228	-7.170214	19.471496	2.05359	16.145538	2.623772	-6.227692	-8.359178
4	-27.795386	-1.064924	-7.603295	22.375021	1.856	15.537708	0.213965	-3.420372	-7.601596
5	-27.767758	-1.409568	-7.857904	25.416921	1.794104	15.001146	-2.499328	-1.004424	-6.968022
6	-27.766769	-1.910422	-7.973643	28.343468	2.062572	14.697818	-5.027458	0.718701	-6.690601
7	-27.740904	-2.60801	-7.95519	31.089139	2.605772	14.304802	-7.272921	1.768312	-6.556207
8	-27.643846	-3.506909	-7.762508	33.683227	3.111334	13.30365	-9.348974	2.247774	-6.066469
9	-27.447174	-4.458351	-7.448532	36.107972	3.288311	11.706363	-11.360092	2.361727	-5.022728
10	-27.127746	-5.274111	-7.121735	38.239687	3.058527	9.908634	-13.300271	2.275319	-3.566958
11	-26.675245	-5.811234	-6.875767	39.952736	2.551636	8.409329	-15.103932	2.172384	-2.075951
12	-26.087846	-6.031834	-6.744158	41.193301	2.014687	7.584421	-16.701074	2.219018	-0.966354
13	-25.365282	-6.004028	-6.690777	41.992204	1.615173	7.485561	-18.064982	2.498272	-0.411194
14	-24.516342	-5.839007	-6.639836	42.425681	1.369347	7.86683	-19.217047	2.985946	-0.301824
15	-23.547453	-5.626939	-6.525071	42.541837	1.239575	8.423891	-20.177358	3.576304	-0.460621
16	-22.465392	-5.428932	-6.335593	42.403542	1.147224	8.890477	-20.971638	4.117947	-0.683231
17	-21.266559	-5.265228	-6.106617	42.048837	0.998046	9.100448	-21.611195	4.510964	-0.789826
18	-19.953525	-5.124739	-5.902018	41.487998	0.765863	9.038697	-22.088392	4.72914	-0.724948
19	-18.543072	-4.983257	-5.787262	40.720656	0.533981	8.844545	-22.380998	4.799562	-0.611683
20	-17.053528	-4.820509	-5.801655	39.748385	0.402336	8.683257	-22.458959	4.763642	-0.602416
21	-15.487886	-4.626845	-5.94752	38.568088	0.402053	8.658821	-22.250707	4.673089	-0.775604
22	-13.83456	-4.396907	-6.202782	37.168094	0.507298	8.822242	-21.654305	4.572103	-1.167974
23	-12.099183	-4.126891	-6.528169	35.590936	0.648286	9.131179	-20.712333	4.446609	-1.7015
24	-10.302464	-3.820922	-6.875157	33.905945	0.771387	9.504545	-19.505414	4.268404	-2.270504
25	-8.474363	-3.495101	-7.167184	32.169236	0.873689	9.904452	-18.036704	4.033469	-2.870228
26	-6.653843	-3.16032	-7.313158	30.423018	0.980363	10.330253	-16.303268	3.731347	-3.551419
27	-4.87476	-2.80632	-7.252868	28.689195	1.104294	10.78464	-14.313403	3.341317	-4.346525
28	-3.165172	-2.424604	-6.992516	26.979588	1.248684	11.278083	-12.078316	2.849473	-5.259956
29	-1.551055	-2.029007	-6.593308	25.310092	1.43041	11.849372	-9.605248	2.24925	-6.286497
30	-0.030801	-1.634964	-6.119404	23.695152	1.659455	12.511273	-6.904656	1.541816	-7.399091
31	1.417498	-1.242163	-5.587444	22.147253	1.921124	13.203525	-4.01531	0.724725	-8.528652
32	2.783389	-0.861698	-4.981306	20.692185	2.196132	13.828148	-0.991113	-0.207437	-9.577484
33	4.025798	-0.523606	-4.306421	19.363685	2.469548	14.303855	2.106191	-1.243014	-10.464988
34	5.103549	-0.255333	-3.615932	18.198172	2.739253	14.62927	5.231017	-2.35098	-11.16443
35	5.998031	-0.073004	-2.98099	17.230028	3.011929	14.864894	8.343507	-3.480275	-11.670626
36	6.708017	0.003829	-2.465918	16.493872	3.307447	15.101984	11.374249	-4.586684	-11.980433
37	7.241697	-0.050103	-2.124831	16.022708	3.673948	15.467463	14.218084	-5.674854	-12.125364
38	7.62306	-0.227536	-1.960156	15.819855	4.14252	16.01141	16.801264	-6.783537	-12.163658
39	7.857056	-0.50301	-1.960456	15.913586	4.715552	16.686053	19.070095	-7.910318	-12.130726
40	7.951772	-0.829932	-2.097051	16.337154	5.367471	17.382974	21.014834	-8.959943	-12.064926
41	7.928195	-1.166894	-2.318316	17.122831	6.051915	17.9719	22.636924	-9.777362	-12.02231
42	7.817549	-1.505117	-2.574526	18.293923	6.730611	18.337861	23.859387	-10.251997	-12.095567
43	7.634957	-1.84685	-2.845961	19.873438	7.372404	18.379827	24.512147	-10.357612	-12.364303
44	7.364328	-2.163898	-3.114782	21.898449	7.907052	17.980904	24.454639	-10.099051	-12.780079
45	7.000143	-2.419401	-3.340332	24.30201	8.284452	17.185663	23.84563	-9.566506	-13.184622
46	6.539238	-2.587357	-3.480554	27.02484	8.500725	16.110046	22.870156	-8.876156	-13.514831
47	5.989042	-2.647778	-3.494606	29.995278	8.594367	14.897214	21.707591	-8.180037	-13.790796
48	5.365801	-2.580063	-3.328244	33.147928	8.622338	13.644199	20.462927	-7.616758	-14.042312
49	4.683837	-2.370373	-2.925588	36.427237	8.659281	12.40887	19.150149	-7.303936	-14.306403
50	3.942316	-2.024514	-2.256932	39.78473	8.801404	11.239715	17.789284	-7.310668	-14.649809
51	3.114379	-1.556929	-1.293154	43.191776	9.149306	10.144523	16.464649	-7.656195	-15.128712
52	2.193416	-1.010434	-0.105158	46.627058	9.686079	9.059026	15.226764	-8.222763	-15.703801
53	1.183809	-0.418783	1.196535	50.070989	10.353046	7.956505	14.090203	-8.886206	-16.308201
54	0.103281	0.178421	2.461748	53.502638	11.038487	6.842882	13.058688	-9.498366	-16.818566
55	-1.029112	0.747572	3.570554	56.911859	11.59008	5.72096	12.103169	-9.928838	-17.079738
56	-2.199052	1.267746	4.452829	60.284095	11.900754	4.624332	11.158838	-10.101022	-17.012674
57	-3.393287	1.73351	5.063832	63.582821	11.986814	3.650615	10.16561	-9.989804	-16.661017
58	-4.600309	2.150211	5.344781	66.74676	11.947536	2.935022	9.092133	-9.594094	-16.096344
59	-5.82335	2.540741	5.324921	69.752204	11.873475	2.493902	7.950062	-9.019694	-15.374535
60	-7.094448	2.926306	5.062028	72.59402	11.768989	2.270723	6.755043	-8.381774	-14.484987
61	-8.471415	3.315286	4.647216	75.275209	11.628368	2.180338	5.52559	-7.76608	-13.42378
62	-10.017718	3.697597	4.169483	77.795694	11.48904	2.155754	4.290919	-7.192598	-12.252451
63	-11.766891	4.057744	3.663519	80.145156	11.396284	2.174492	3.089032	-6.614673	-11.061769
64	-13.702953	4.386669	3.106158	82.297703	11.35471	2.260485	1.9466	-5.959162	-9.916772
65	-15.774712	4.681892	2.45346	84.182771	11.357597	2.484094	0.853499	-5.169705	-8.917225
66	-17.896779	4.952396	1.722445	85.748773	11.405116	2.880474	-0.228023	-4.255991	-8.151054
67	-20.007854	5.207467	0.987662	86.965172	11.498966	3.419542	-1.272536	-3.25307	-7.597613
68	-22.070179	5.449538	0.339367	87.816416	11.656822	4.036088	-2.206119	-2.219881	-7.195553
69	-24.059896	5.661597	-0.140199	88.299593	11.912316	4.660483	-3.004547	-1.261	-6.905202
70	-25.953117	5.811446	-0.399376	88.416358	12.274524	5.245987	-3.710805	-0.496085	-6.681886
71	-27.714935	5.875226	-0.4376	88.171013	12.709751	5.778361	-4.348233	0.019188	-6.482448
72	-29.308826	5.824176	-0.266628	87.550825	13.185447	6.244492	-4.88834	0.313626	-6.310144
73	-30.740976	5.620959	0.097671	86.578109	13.680952	6.621821	-5.330737	0.470664	-6.183465
74	-32.029998	5.250737	0.60609	85.285632	14.161476	6.91893	-5.702226	0.554491	-6.097045
75	-33.176375	4.738609	1.157396	83.683394	14.579433	7.193258	-6.006949	0.601083	-6.03901
76	-34.174451	4.142388	1.62956	81.773953	14.891273	7.524567	-6.227971	0.635694	-5.99924
77	-35.023432	3.516597	1.934714	79.55877	15.077182	7.96572	-6.367759	0.666245	-5.981078
78	-35.728326	2.895089	2.035362	77.042879	15.131834	8.530175	-6.477555	0.661636	-5.994033
79	-36.278438	2.296603	1.934465	74.217541	15.045679	9.213978	-6.606568	0.565711	-6.034558
80	-36.658377	1.743774	1.666209	71.086473	14.847597	10.008305	-6.713302	0.352641	-6.113674
81	-36.874293	1.276257	1.252316	67.685753	14.563315	10.914426	-6.680425	0.027107	-6.224214
82	-36.927335	0.937712	0.687817	64.025784	14.194997	11.97008	-6.427541	-0.423181	-6.338554
83	-36.818161	0.753413	-0.028931	60.10244	13.781046	13.235396	-5.946078	-0.982572	-6.505221
84	-36.550214	0.726436	-0.897397	55.933957	13.318589	14.715839	-5.224494	-1.585543	-6.768821
85	-36.120791	0.83807	-1.899	51.581912	12.711556	16.308579	-4.231333	-2.16079	-7.036596
86	-35.503409	1.047273	-2.965985	47.115042	11.869066	17.862552	-2.966471	-2.67281	-7.201118
87	-34.686098	1.291972	-3.984978	42.614566	10.795323	19.230143	-1.554305	-3.130981	-7.288908
88	-33.742949	1.522434	-4.858026	38.210701	9.573047	20.285231	-0.236639	-3.566735	-7.363642
89	-32.758241	1.715831	-5.499521	34.046385	8.280227	20.908543	0.767463	-4.03121	-7.438794
90	-31.79227	1.857471	-5.840332	30.230947	6.997189	21.046991	1.322733	-4.610152	-7.541703
91	-30.876658	1.935014	-5.846544	26.82121	5.798011	20.735729	1.487816	-5.330947	-7.746615
92	-30.031846	1.936553	-5.52886	23.829784	4.754452	20.10028	1.50221	-6.107154	-8.119113
93	-29.275261	1.852835	-4.949245	21.258441	3.918334	19.311717	1.591843	-6.829803	-8.644303
94	-28.62331	1.690006	-4.250447	19.142085	3.30987	18.53697	1.84108	-7.464293	-9.2046
95	-28.057695	1.492459	-3.641279	17.44447	2.882738	17.90449	2.191852	-8.062104	-9.647889
96	-27.557871	1.288791	-3.26459	16.17161	2.608045	17.49302	2.586036	-8.658136	-9.899569
97	-27.111746	1.067734	-3.155169	15.351502	2.468186	17.311975	2.98639	-9.269481	-9.988931
98	-26.721658	0.793763	-3.259333	15.02693	2.455504	17.309543	3.365471	-9.91313	-10.013389
99	-26.39613	0.44955	-3.515032	15.228708	2.561448	17.413597	3.697654	-10.552477	-10.05953
100	-26.141224	0.062415	-3.907091	15.960914	2.76046	17.551071	3.96303	-11.02105	-10.129936
