Time	Hip_Z	Hip_X	Hip_Y	Knee_Z	Knee_X	Knee_Y	Ankle_Z	Ankle_X	Ankle_Y
0	-19.675038	-6.111331	-0.425818	7.340897	7.227323	16.827129	-2.334002	-13.262982	-11.528457
1	-19.708539	-6.253695	-0.876877	8.965694	7.757186	17.117519	-2.319925	-13.25256	-12.077929
2	-19.751167	-6.429352	-1.220249	10.971436	8.344303	17.288797	-2.15399	-12.45262	-12.43686
3	-19.796127	-6.633947	-1.487953	13.354894	8.876793	17.08376	-2.098572	-10.551477	-12.374459
4	-19.871477	-6.841656	-1.762276	16.180341	9.158666	16.131689	-2.602644	-7.675726	-11.465979
5	-20.010771	-7.055232	-2.099289	19.425869	9.031994	14.297988	-3.871195	-4.497492	-9.463757
6	-20.244074	-7.308599	-2.51837	22.855505	8.63447	12.076476	-5.612221	-1.770626	-6.806252
7	-20.616243	-7.641615	-3.011617	26.185784	8.411919	10.283515	-7.404462	0.162325	-4.422885
8	-21.190345	-8.075242	-3.515308	29.320725	8.661447	9.20322	-9.138422	1.339673	-2.815619
9	-21.961583	-8.584109	-3.947182	32.271515	9.179716	8.426398	-10.905194	1.959066	-1.679259
10	-22.817755	-9.120687	-4.274245	34.949615	9.650536	7.645504	-12.708347	2.208927	-0.654782
11	-23.546864	-9.614954	-4.533516	37.204738	9.892062	6.897881	-14.470701	2.279162	0.371876
12	-23.96106	-9.991142	-4.772922	38.930318	9.919426	6.404285	-16.115471	2.278429	1.293364
13	-23.987149	-10.203828	-4.970889	40.130394	9.820965	6.263774	-17.620238	2.226461	1.98753
14	-23.625577	-10.232632	-5.050615	40.861425	9.649249	6.417663	-18.995619	2.096776	2.383479
15	-22.948485	-10.076805	-4.99838	41.230597	9.430764	6.742472	-20.255979	1.880442	2.492032
16	-21.987947	-9.735703	-4.850421	41.281964	9.169664	7.136523	-21.389306	1.582119	2.380034
17	-20.729977	-9.240255	-4.620389	41.005124	8.8729	7.496991	-22.357129	1.21195	2.117812
18	-19.176197	-8.662304	-4.304762	40.391267	8.581031	7.75767	-23.113154	0.79008	1.734943
19	-17.387982	-8.08608	-3.909692	39.465183	8.34393	7.893378	-23.622409	0.328328	1.248338
20	-15.467514	-7.582043	-3.447859	38.266562	8.186751	7.891677	-23.853509	-0.18679	0.695554
21	-13.504274	-7.20211	-2.91232	36.792881	8.125888	7.746521	-23.721669	-0.77147	0.097412
22	-11.562346	-6.918786	-2.295242	35.109662	8.137825	7.480101	-23.225576	-1.39115	-0.535862
23	-9.665022	-6.683698	-1.569673	33.279886	8.191862	7.080194	-22.377249	-2.025884	-1.179648
24	-7.800078	-6.44205	-0.719971	31.364051	8.265296	6.571928	-21.21313	-2.679422	-1.809111
25	-5.932831	-6.141537	0.221804	29.394824	8.353745	6.062856	-19.744548	-3.359431	-2.435636
26	-4.031308	-5.742823	1.19803	27.382993	8.458271	5.690919	-17.962715	-4.066223	-3.095542
27	-2.088544	-5.226907	2.165386	25.342209	8.560415	5.536222	-15.853943	-4.784226	-3.802698
28	-0.136833	-4.602371	3.080975	23.309576	8.636051	5.62489	-13.426801	-5.486635	-4.566748
29	1.769642	-3.900518	3.911699	21.336452	8.680948	5.95315	-10.735176	-6.155366	-5.403572
30	3.571518	-3.141504	4.643374	19.486382	8.686837	6.496889	-7.814958	-6.769889	-6.301534
31	5.212276	-2.347656	5.275906	17.824387	8.651563	7.196417	-4.728162	-7.313247	-7.248212
32	6.651785	-1.543846	5.836258	16.405878	8.582051	7.961889	-1.575194	-7.789405	-8.219586
33	7.867677	-0.756309	6.377444	15.27994	8.48947	8.670696	1.532163	-8.216441	-9.103135
34	8.832481	-0.041154	6.9174	14.511152	8.405823	9.222298	4.535673	-8.587437	-9.695393
35	9.558798	0.533512	7.418337	14.109717	8.3791	9.639192	7.455599	-8.874121	-9.91375
36	10.069985	0.939522	7.845759	14.07467	8.444383	10.002132	10.293246	-9.064924	-9.803267
37	10.385151	1.184726	8.18351	14.413264	8.635263	10.396497	13.025507	-9.177972	-9.435483
38	10.523204	1.294276	8.423857	15.134792	8.988465	10.890338	15.620574	-9.261435	-8.926422
39	10.502484	1.293009	8.561722	16.252033	9.530987	11.507627	18.025847	-9.383241	-8.441518
40	10.34026	1.201982	8.606328	17.772435	10.256573	12.203942	20.160009	-9.602542	-8.093765
41	10.033727	1.041372	8.585363	19.752272	11.121941	12.826744	21.849369	-9.946148	-7.882455
42	9.603538	0.848042	8.544831	22.158024	12.042203	13.21766	23.037341	-10.387027	-7.754618
43	9.059514	0.642219	8.511883	24.981918	12.964216	13.271767	23.718607	-10.909938	-7.70719
44	8.42478	0.440804	8.515959	28.177074	13.842168	12.944586	23.955515	-11.487303	-7.750911
45	7.729773	0.26832	8.599256	31.671067	14.649143	12.254391	23.852665	-12.092338	-7.901241
46	7.002795	0.148873	8.805029	35.393159	15.368771	11.234006	23.539675	-12.713194	-8.127093
47	6.268964	0.091633	9.150659	39.284363	15.95959	9.901392	23.157343	-13.33263	-8.3276
48	5.546336	0.095464	9.606093	43.271783	16.375238	8.333943	22.856486	-13.908109	-8.405916
49	4.835784	0.155517	10.122181	47.279687	16.647198	6.671657	22.730694	-14.41342	-8.371169
50	4.126322	0.272151	10.675753	51.267582	16.816836	4.992862	22.810593	-14.854178	-8.271464
51	3.401066	0.439169	11.254653	55.211251	16.902229	3.325959	23.076107	-15.268171	-8.161511
52	2.64141	0.635589	11.842004	59.090204	16.922496	1.689859	23.469801	-15.686923	-8.088926
53	1.82855	0.830768	12.415347	62.890437	16.91518	0.106086	23.920594	-16.06446	-8.046307
54	0.941477	1.004338	12.974807	66.600397	16.914775	-1.417241	24.414805	-16.255317	-7.946125
55	-0.040839	1.170902	13.539054	70.22268	16.91779	-2.884065	24.974293	-16.160401	-7.723875
56	-1.165325	1.368703	14.082551	73.750231	16.882947	-4.256849	25.518012	-15.801643	-7.441823
57	-2.512844	1.627397	14.534553	77.156946	16.762333	-5.467104	25.884257	-15.218143	-7.217142
58	-4.169377	1.933786	14.836256	80.414604	16.529615	-6.482353	25.944048	-14.398802	-7.068293
59	-6.167567	2.226461	14.986309	83.507572	16.203854	-7.335331	25.655339	-13.313272	-6.858997
60	-8.442866	2.435193	15.013779	86.426436	15.876049	-8.081728	25.036215	-11.989339	-6.513526
61	-10.842686	2.527353	14.90661	89.121795	15.706063	-8.769599	24.040974	-10.712528	-6.420064
62	-13.176155	2.525533	14.658272	91.569086	15.742529	-9.447418	22.703582	-9.892188	-7.074335
63	-15.331332	2.38388	14.270138	93.70985	15.951365	-10.10361	21.146026	-9.583811	-8.458972
64	-17.256312	2.036501	13.75772	95.482294	16.269133	-10.669629	19.598805	-9.486488	-10.034968
65	-18.964871	1.492674	13.118728	96.843922	16.62541	-11.052569	18.257842	-9.342265	-11.269281
66	-20.519699	0.845079	12.341845	97.775646	16.960225	-11.165503	17.186273	-9.147683	-12.016137
67	-21.994574	0.228023	11.434455	98.254846	17.245705	-10.935664	16.364407	-9.001769	-12.355426
68	-23.457136	-0.212424	10.43207	98.279261	17.475349	-10.335778	15.71856	-8.946707	-12.386523
69	-24.934258	-0.4113	9.389341	97.91248	17.642024	-9.426335	15.095257	-8.91829	-12.191158
70	-26.410817	-0.387072	8.36847	97.184231	17.739667	-8.28242	14.326207	-8.837407	-11.792838
71	-27.8577	-0.238498	7.456091	96.115962	17.773372	-7.015581	13.334287	-8.680321	-11.239531
72	-29.244698	-0.091752	6.730165	94.722169	17.743681	-5.730539	12.21132	-8.481358	-10.630036
73	-30.538469	-0.04392	6.212389	93.010567	17.661205	-4.481796	11.096598	-8.296104	-10.04106
74	-31.684895	-0.142913	5.86393	90.951671	17.574179	-3.262147	10.044741	-8.193886	-9.507478
75	-32.641528	-0.360153	5.596438	88.546494	17.530904	-2.019774	9.059077	-8.240795	-9.063884
76	-33.389666	-0.653168	5.353446	85.807765	17.543693	-0.723986	8.167235	-8.462302	-8.729667
77	-33.924917	-0.99067	5.102216	82.74145	17.633629	0.63802	7.395566	-8.832395	-8.528712
78	-34.246837	-1.348952	4.826074	79.351499	17.808248	2.075138	6.749826	-9.292464	-8.485594
79	-34.350065	-1.716978	4.527602	75.645263	18.029917	3.581724	6.235891	-9.789241	-8.582839
80	-34.231217	-2.094598	4.21348	71.636225	18.255994	5.140858	5.875792	-10.292827	-8.747305
81	-33.874259	-2.493095	3.885981	67.304835	18.4302	6.730009	5.697385	-10.774337	-8.851508
82	-33.325284	-2.930969	3.563271	62.698025	18.529794	8.310715	5.617459	-11.236835	-8.884616
83	-32.608287	-3.426194	3.274121	57.830332	18.561631	9.869862	5.553082	-11.706414	-8.915536
84	-31.744588	-3.970672	3.032305	52.728165	18.46861	11.411107	5.416425	-12.203875	-8.940701
85	-30.751099	-4.515287	2.824802	47.452553	18.14422	12.932823	5.097908	-12.747356	-8.913304
86	-29.645132	-4.981641	2.622324	42.087693	17.543835	14.461898	4.573196	-13.306326	-8.869818
87	-28.459071	-5.294026	2.396961	36.718263	16.703471	16.072505	3.954133	-13.798785	-8.994395
88	-27.255172	-5.430559	2.170357	31.472753	15.664633	17.741807	3.344188	-14.183183	-9.427871
89	-26.093431	-5.443827	2.018442	26.508065	14.444404	19.252126	2.760125	-14.448906	-9.982104
90	-25.015973	-5.393923	2.021806	21.983249	13.063449	20.323545	2.194481	-14.566423	-10.391652
91	-24.055569	-5.339827	2.245079	18.022568	11.596093	20.72141	1.58557	-14.54846	-10.5256
92	-23.231739	-5.316795	2.707824	14.682846	10.152756	20.357679	0.859292	-14.43594	-10.396449
93	-22.545945	-5.327745	3.345361	11.944027	8.844806	19.335852	0.021909	-14.250552	-10.081876
94	-21.984468	-5.34746	3.977878	9.766351	7.782027	17.90413	-0.841824	-13.985568	-9.67064
95	-21.494774	-5.335364	4.360897	8.017677	7.015822	16.468804	-1.618027	-13.650633	-9.280053
96	-21.031113	-5.282415	4.376043	6.614774	6.546629	15.326336	-2.231951	-13.267556	-9.042161
97	-20.585278	-5.221089	4.079787	5.59217	6.340644	14.57233	-2.670381	-12.872612	-9.067902
98	-20.190613	-5.194708	3.61797	5.061742	6.352539	14.186292	-2.977761	-12.583731	-9.379983
99	-19.898235	-5.222002	3.088854	5.130292	6.552895	14.120281	-3.197039	-12.535172	-9.875146
100	-19.73936	-5.287319	2.505682	5.833138	6.91573	14.303641	-3.298648	-12.675641	-10.378331
