Time	Hip_Z	Hip_X	Hip_Y	Knee_Z	Knee_X	Knee_Y	Ankle_Z	Ankle_X	Ankle_Y
0	-18.735463	-0.438595	-2.242068	9.634569	-2.961492	22.293776	-8.563862	-3.853884	-13.545511
1	-18.244086	-0.639557	-2.639855	10.957743	-2.657645	22.582732	-7.098636	-2.79229	-12.548516
2	-17.687007	-0.930361	-2.974702	12.567998	-2.353143	22.588682	-5.486893	-1.285484	-11.343624
3	-17.070788	-1.295562	-3.135585	14.434054	-2.171033	22.173479	-4.318641	0.464024	-10.005934
4	-16.428825	-1.697902	-3.064707	16.522203	-2.202649	21.332589	-3.966781	2.332899	-8.662688
5	-15.823557	-2.079585	-2.823586	18.784278	-2.443135	20.240968	-4.41224	4.255472	-7.393441
6	-15.341613	-2.393075	-2.5584	21.164989	-2.751549	19.172892	-5.382255	6.047657	-6.249709
7	-15.062221	-2.633116	-2.38272	23.608866	-2.929533	18.334726	-6.651529	7.40378	-5.323917
8	-15.012209	-2.839208	-2.304043	26.041464	-2.890433	17.712542	-8.153624	8.095766	-4.643328
9	-15.16	-3.075804	-2.257671	28.340375	-2.762946	17.02366	-9.851715	8.081476	-4.037361
10	-15.397493	-3.383524	-2.187412	30.396493	-2.817063	15.941851	-11.623297	7.617362	-3.216285
11	-15.603358	-3.741863	-2.083818	32.151305	-3.183746	14.454904	-13.370697	7.000168	-2.081509
12	-15.668896	-4.068072	-1.956217	33.560046	-3.760686	12.889829	-15.028534	6.413147	-0.871461
13	-15.489171	-4.250724	-1.817964	34.586822	-4.352106	11.643222	-16.538588	5.942547	0.05983
14	-14.956147	-4.227636	-1.673036	35.213172	-4.856654	10.881078	-17.869027	5.63125	0.565571
15	-13.994227	-4.023076	-1.512495	35.443267	-5.266842	10.52804	-19.016213	5.48031	0.700525
16	-12.613399	-3.70436	-1.331151	35.303646	-5.594625	10.41861	-19.995262	5.433144	0.606143
17	-10.921007	-3.332138	-1.128466	34.841106	-5.835923	10.412921	-20.830034	5.397464	0.428877
18	-9.105089	-2.954762	-0.889866	34.139633	-5.978779	10.401525	-21.516898	5.313735	0.161055
19	-7.333444	-2.59581	-0.615648	33.292426	-6.03692	10.311079	-22.040462	5.186624	-0.279745
20	-5.681327	-2.252293	-0.344104	32.336905	-6.027884	10.127063	-22.383075	5.016743	-0.852362
21	-4.151763	-1.912542	-0.119898	31.28672	-5.954948	9.885866	-22.506562	4.798192	-1.472081
22	-2.712725	-1.564955	0.049831	30.158931	-5.801814	9.647031	-22.355383	4.541274	-2.132475
23	-1.337674	-1.190559	0.192047	28.985887	-5.552832	9.47694	-21.905841	4.265726	-2.883021
24	-0.022873	-0.760398	0.335429	27.805549	-5.238129	9.414455	-21.188534	3.99486	-3.73399
25	1.219545	-0.246009	0.499765	26.650497	-4.934787	9.45082	-20.250081	3.753625	-4.629714
26	2.367558	0.373251	0.711479	25.553105	-4.681036	9.61313	-19.084886	3.555058	-5.575532
27	3.429536	1.06671	0.984075	24.520773	-4.437632	9.944216	-17.719249	3.384606	-6.6252
28	4.41939	1.791262	1.332624	23.551076	-4.193198	10.419917	-16.17903	3.224344	-7.737249
29	5.353415	2.50128	1.766975	22.639054	-3.965923	10.949424	-14.465334	3.02967	-8.820814
30	6.24459	3.160459	2.267246	21.780506	-3.761347	11.476105	-12.537582	2.737935	-9.874688
31	7.102232	3.746524	2.790784	20.970739	-3.567373	11.996835	-10.400987	2.35106	-10.971352
32	7.929111	4.253011	3.299972	20.208809	-3.369479	12.519502	-8.154492	1.959234	-12.14536
33	8.719914	4.685531	3.775174	19.504451	-3.157621	13.036222	-5.901072	1.629531	-13.332696
34	9.461872	5.047482	4.208098	18.883003	-2.920691	13.523095	-3.67949	1.324934	-14.393777
35	10.1494	5.338721	4.591171	18.363523	-2.645996	13.966944	-1.490183	0.98601	-15.247528
36	10.783858	5.548593	4.908357	17.958956	-2.329271	14.362357	0.681509	0.629877	-15.878707
37	11.367745	5.66442	5.14675	17.682079	-1.978611	14.695617	2.854797	0.29384	-16.27402
38	11.899362	5.683479	5.305709	17.546234	-1.610373	14.949271	5.020161	-0.016323	-16.420889
39	12.369485	5.611888	5.391546	17.570328	-1.230599	15.128992	7.135862	-0.32284	-16.32212
40	12.766036	5.454298	5.408526	17.776594	-0.810656	15.295799	9.15009	-0.667001	-16.027083
41	13.079613	5.213146	5.359124	18.183388	-0.303682	15.53164	11.030954	-1.07886	-15.607662
42	13.29951	4.899097	5.251578	18.813364	0.316405	15.867879	12.767259	-1.540466	-15.092045
43	13.408739	4.543115	5.107819	19.6995	1.044391	16.271473	14.348401	-1.989573	-14.46135
44	13.397156	4.189003	4.964283	20.858919	1.859495	16.690006	15.757656	-2.368144	-13.716362
45	13.257535	3.871298	4.853327	22.31043	2.760205	17.106786	16.936582	-2.647914	-12.922585
46	12.996714	3.612322	4.789692	24.051233	3.759446	17.52786	17.805784	-2.834248	-12.213427
47	12.632144	3.428863	4.774037	26.069985	4.858268	17.910667	18.293542	-2.946261	-11.687712
48	12.189401	3.34008	4.800857	28.352765	6.022505	18.165935	18.370047	-2.988736	-11.361009
49	11.699298	3.362484	4.853031	30.868609	7.208688	18.248598	18.074108	-2.961208	-11.222907
50	11.187181	3.50214	4.910545	33.56411	8.401293	18.175173	17.502186	-2.880761	-11.262435
51	10.661976	3.761926	4.95716	36.388803	9.6064	17.958182	16.761927	-2.766751	-11.440957
52	10.122341	4.107545	4.97191	39.283569	10.816425	17.621385	15.96755	-2.625903	-11.649315
53	9.560484	4.509726	4.938055	42.217329	12.012508	17.16798	15.182712	-2.439722	-11.791579
54	8.960986	4.948774	4.862882	45.168227	13.174975	16.592073	14.457155	-2.17871	-11.809936
55	8.304701	5.425458	4.772708	48.119249	14.283619	15.881415	13.82701	-1.82297	-11.7045
56	7.578137	5.95801	4.689931	51.050533	15.315032	15.030257	13.297131	-1.368664	-11.498765
57	6.761977	6.566505	4.618492	53.940723	16.246873	14.051145	12.832311	-0.818948	-11.207483
58	5.803808	7.248864	4.54756	56.778384	17.071262	12.975189	12.378575	-0.161995	-10.850518
59	4.596053	7.950287	4.464489	59.564545	17.808806	11.831124	11.861318	0.608425	-10.455554
60	3.070578	8.561442	4.364366	62.307565	18.511747	10.637337	11.181924	1.391436	-10.047114
61	1.255639	8.994034	4.236771	64.995488	19.202742	9.409938	10.281357	2.072489	-9.642285
62	-0.749558	9.203889	4.056656	67.587827	19.868746	8.184635	9.181777	2.635348	-9.26036
63	-2.825516	9.171738	3.794963	70.025748	20.488118	7.014076	7.960248	3.129159	-8.922261
64	-4.866491	8.882416	3.438076	72.245456	21.042953	5.947783	6.693882	3.592414	-8.638401
65	-6.785245	8.33535	2.994534	74.188628	21.52196	5.024606	5.419051	4.010723	-8.401989
66	-8.541303	7.5789	2.496896	75.817229	21.919207	4.26542	4.092893	4.299355	-8.227122
67	-10.169975	6.723697	1.992758	77.116425	22.221432	3.672819	2.61159	4.350314	-8.173863
68	-11.763556	5.912444	1.502724	78.091636	22.406314	3.257038	0.979584	4.168622	-8.247087
69	-13.391136	5.234336	1.022539	78.766699	22.45583	3.030236	-0.630225	3.905825	-8.344439
70	-15.066222	4.71357	0.561864	79.133312	22.350461	3.007104	-2.102386	3.685406	-8.398639
71	-16.763724	4.324607	0.125794	79.180815	22.095132	3.196454	-3.435478	3.554246	-8.396529
72	-18.438455	4.01461	-0.288652	78.900656	21.714023	3.599143	-4.652095	3.522056	-8.300073
73	-20.041233	3.726608	-0.689533	78.284957	21.23299	4.209909	-5.749334	3.598552	-8.054617
74	-21.538323	3.421992	-1.116607	77.326113	20.674832	5.047877	-6.708484	3.765558	-7.670618
75	-22.925741	3.090228	-1.61944	76.022095	20.071604	6.146344	-7.528575	3.954084	-7.237815
76	-24.203476	2.741636	-2.212362	74.340563	19.469108	7.532789	-8.259171	4.06616	-6.881825
77	-25.37749	2.397907	-2.855413	72.323861	18.854737	9.130876	-8.981304	4.057658	-6.62737
78	-26.434571	2.07373	-3.511115	70.000986	18.149495	10.850252	-9.691716	3.961	-6.431149
79	-27.357788	1.769127	-4.1444	67.40575	17.311022	12.600158	-10.30948	3.841162	-6.273694
80	-28.12175	1.462623	-4.727284	64.555019	16.393132	14.329995	-10.777274	3.710269	-6.177553
81	-28.696341	1.125085	-5.247229	61.447494	15.495248	16.029711	-11.101656	3.540606	-6.183331
82	-29.058558	0.737005	-5.707354	58.073589	14.676557	17.698182	-11.284645	3.336633	-6.30521
83	-29.19307	0.291848	-6.114909	54.424105	13.923348	19.323994	-11.316354	3.132762	-6.546933
84	-29.069512	-0.20058	-6.472395	50.495987	13.148177	20.866532	-11.23159	2.934814	-6.938125
85	-28.693801	-0.695235	-6.7891	46.362699	12.215762	22.251531	-11.111334	2.726262	-7.433266
86	-28.106598	-1.1288	-7.066513	42.127241	11.03086	23.398529	-10.992118	2.508244	-7.9396
87	-27.372168	-1.457573	-7.273102	37.893174	9.579964	24.219542	-10.868789	2.283923	-8.410052
88	-26.565398	-1.683418	-7.347912	33.761351	7.920883	24.613174	-10.726822	2.036719	-8.842618
89	-25.755024	-1.834256	-7.2348	29.822117	6.143658	24.501825	-10.569788	1.719954	-9.253389
90	-24.996873	-1.938291	-6.911494	26.146634	4.353915	23.882756	-10.427454	1.265504	-9.693996
91	-24.327603	-2.015382	-6.406085	22.780634	2.669034	22.858872	-10.335408	0.615836	-10.249621
92	-23.762884	-2.073448	-5.80063	19.755273	1.215607	21.658745	-10.308877	-0.229107	-10.988035
93	-23.293289	-2.108524	-5.220431	17.087359	0.088771	20.626659	-10.326196	-1.167293	-11.924161
94	-22.887301	-2.111874	-4.768239	14.768751	-0.73159	20.00292	-10.343578	-2.04132	-12.995969
95	-22.522171	-2.073804	-4.496544	12.832304	-1.313719	19.826648	-10.333214	-2.732962	-14.046299
96	-22.184897	-1.987562	-4.410444	11.325767	-1.743276	19.968097	-10.301505	-3.2303	-14.82382
97	-21.86978	-1.857322	-4.473325	10.302729	-2.074409	20.249395	-10.288619	-3.640205	-15.131403
98	-21.570536	-1.705988	-4.618709	9.807472	-2.311662	20.546072	-10.312405	-4.075417	-14.978023
99	-21.272919	-1.566552	-4.787212	9.846709	-2.427361	20.812908	-10.289905	-4.534923	-14.560624
100	-20.952522	-1.467327	-4.958006	10.368359	-2.390427	21.050527	-10.031215	-4.902839	-14.056926
