Time	Hip_Z	Hip_X	Hip_Y	Knee_Z	Knee_X	Knee_Y	Ankle_Z	Ankle_X	Ankle_Y
0	-24.452586	-0.296773	-1.255649	11.053179	3.161863	23.304546	6.496613	-13.816228	-15.926047
1	-23.773095	-0.684215	-1.023071	10.389345	3.031942	24.264552	6.991808	-14.673247	-16.108936
2	-23.119334	-1.008952	-0.999755	10.331266	2.978245	25.299624	7.460379	-14.812817	-16.294559
3	-22.48027	-1.308171	-1.101224	10.858585	3.023631	26.223206	7.790699	-14.25721	-16.469752
4	-21.846267	-1.608659	-1.260627	11.937612	3.161849	26.863242	7.753412	-12.89666	-16.693162
5	-21.21383	-1.921039	-1.448147	13.526916	3.32473	27.041913	7.061487	-10.493817	-17.058629
6	-20.60342	-2.240897	-1.677933	15.567966	3.404459	26.607378	5.574291	-6.995436	-17.429622
7	-20.04774	-2.563226	-1.976972	17.949833	3.316488	25.50969	3.449938	-2.777578	-17.333909
8	-19.537451	-2.916018	-2.34619	20.48275	3.05561	23.85947	1.030226	1.488067	-16.363304
9	-19.012726	-3.355884	-2.760638	22.951737	2.703798	21.919797	-1.358223	5.203852	-14.591549
10	-18.443324	-3.904259	-3.196001	25.241483	2.407985	20.030381	-3.526254	8.061356	-12.498656
11	-17.875874	-4.514756	-3.645401	27.399675	2.321486	18.469425	-5.477236	10.014336	-10.58792
12	-17.379955	-5.106413	-4.111384	29.568031	2.467732	17.307162	-7.350733	11.170707	-9.064252
13	-16.989698	-5.595922	-4.59363	31.853753	2.664617	16.433959	-9.27664	11.71366	-7.824604
14	-16.690714	-5.916175	-5.083903	34.236083	2.664386	15.755009	-11.273137	11.859973	-6.727636
15	-16.414009	-6.040821	-5.554912	36.565264	2.34555	15.285232	-13.269454	11.806905	-5.765814
16	-16.05324	-5.98871	-5.955422	38.656574	1.752947	15.074983	-15.182236	11.691179	-5.005374
17	-15.518895	-5.802298	-6.216992	40.387431	1.02066	15.117332	-16.946377	11.598802	-4.504994
18	-14.770755	-5.530499	-6.267024	41.714998	0.274174	15.319881	-18.515896	11.582165	-4.270822
19	-13.805584	-5.226211	-6.066038	42.644299	-0.418289	15.541103	-19.874702	11.652526	-4.223845
20	-12.638259	-4.943358	-5.649921	43.199351	-1.022439	15.670286	-21.036852	11.779189	-4.270771
21	-11.288106	-4.730676	-5.127133	43.393243	-1.502096	15.676283	-22.015194	11.917861	-4.408513
22	-9.800191	-4.61426	-4.635232	43.274425	-1.842416	15.588719	-22.829841	12.033862	-4.66871
23	-8.219115	-4.605228	-4.276435	42.884396	-2.04106	15.424322	-23.500232	12.092531	-5.031026
24	-6.589191	-4.69579	-4.109631	42.269871	-2.112003	15.180615	-24.053399	12.048724	-5.403542
25	-4.938554	-4.863758	-4.14568	41.46835	-2.075945	14.84376	-24.485539	11.871021	-5.705613
26	-3.27698	-5.082644	-4.367304	40.502406	-1.936617	14.422272	-24.747198	11.567474	-5.966044
27	-1.606714	-5.321549	-4.727585	39.393245	-1.691598	13.948573	-24.787584	11.172914	-6.285732
28	0.073038	-5.535722	-5.128918	38.169128	-1.370309	13.43334	-24.597703	10.716597	-6.718677
29	1.765854	-5.670866	-5.463513	36.853435	-1.021749	12.868589	-24.200443	10.203737	-7.228866
30	3.478977	-5.68173	-5.672062	35.450746	-0.665285	12.277267	-23.613107	9.611398	-7.765693
31	5.21968	-5.548501	-5.741145	33.950473	-0.282729	11.719398	-22.831068	8.898331	-8.326985
32	6.980871	-5.279474	-5.670886	32.349775	0.141586	11.241172	-21.843173	8.032389	-8.90609
33	8.739109	-4.891968	-5.457671	30.670212	0.601842	10.852408	-20.650582	7.013036	-9.45226
34	10.466026	-4.397113	-5.099414	28.951094	1.082438	10.55558	-19.253111	5.871823	-9.945245
35	12.132142	-3.810759	-4.615909	27.232946	1.558842	10.365479	-17.625559	4.654439	-10.479899
36	13.707668	-3.165255	-4.05519	25.548468	2.005083	10.31262	-15.753725	3.406669	-11.174103
37	15.168837	-2.500276	-3.465748	23.926939	2.411657	10.431098	-13.678894	2.181929	-11.995746
38	16.511227	-1.83981	-2.866649	22.401173	2.781344	10.721798	-11.46813	1.029288	-12.81892
39	17.755475	-1.181547	-2.249963	21.004113	3.111284	11.139363	-9.166936	-0.029001	-13.580241
40	18.929044	-0.523197	-1.609644	19.761931	3.396798	11.632491	-6.785735	-0.983278	-14.280255
41	20.040375	0.097239	-0.966567	18.707523	3.655766	12.170327	-4.32521	-1.824281	-14.916791
42	21.080888	0.615768	-0.356046	17.865043	3.928282	12.702006	-1.844173	-2.569225	-15.442776
43	22.023699	0.979224	0.199117	17.273535	4.248744	13.162321	0.553854	-3.24061	-15.771567
44	22.830262	1.164938	0.690664	16.975059	4.650185	13.532522	2.785669	-3.876698	-15.855391
45	23.458292	1.181256	1.113679	17.006883	5.170411	13.877298	4.847743	-4.552368	-15.709028
46	23.874473	1.05958	1.457165	17.396595	5.842312	14.308195	6.806793	-5.347951	-15.358786
47	24.057619	0.847204	1.708772	18.175189	6.677698	14.905859	8.737009	-6.253759	-14.811371
48	23.991975	0.598424	1.866051	19.391326	7.662642	15.675063	10.65188	-7.117964	-14.087332
49	23.665127	0.35924	1.94164	21.102281	8.770793	16.557468	12.458934	-7.714516	-13.271901
50	23.075228	0.157124	1.963142	23.354429	9.971809	17.440985	13.974081	-7.870639	-12.4876
51	22.242777	0.007973	1.9695	26.166967	11.211553	18.152342	15.014164	-7.540161	-11.791898
52	21.217866	-0.067469	2.004321	29.516158	12.39369	18.498192	15.496028	-6.799637	-11.147674
53	20.07104	-0.037147	2.112268	33.324404	13.411467	18.35966	15.458272	-5.814266	-10.51466
54	18.871208	0.133443	2.338771	37.46603	14.203085	17.741928	15.022905	-4.773318	-9.915074
55	17.665114	0.466915	2.725547	41.794692	14.766067	16.729588	14.345231	-3.81681	-9.411041
56	16.465696	0.958414	3.298672	46.176559	15.133648	15.424629	13.570188	-3.010801	-9.068893
57	15.258942	1.564227	4.046143	50.50846	15.354954	13.93183	12.805582	-2.37143	-8.91679
58	14.025054	2.213392	4.903721	54.725321	15.480562	12.358548	12.111074	-1.909481	-8.908094
59	12.748302	2.843217	5.782584	58.801855	15.534261	10.793911	11.519267	-1.645064	-8.964255
60	11.417261	3.430366	6.609208	62.737205	15.495633	9.300147	11.050469	-1.579535	-9.05106
61	10.027638	3.998345	7.324307	66.526766	15.320682	7.941412	10.64756	-1.683901	-9.149915
62	8.578604	4.593086	7.892683	70.175313	15.003025	6.770145	10.168421	-1.894525	-9.198341
63	7.038832	5.235827	8.28324	73.680704	14.56153	5.830417	9.553112	-2.132496	-9.15425
64	5.348664	5.906861	8.467001	77.039207	14.036683	5.148492	8.87439	-2.259648	-9.046788
65	3.446494	6.556014	8.435379	80.248016	13.487039	4.711915	8.21431	-2.137925	-8.942269
66	1.300835	7.130098	8.211666	83.301666	12.957565	4.460594	7.562336	-1.729057	-8.867882
67	-1.069357	7.59277	7.823075	86.175234	12.4482	4.333377	6.861394	-1.068974	-8.784515
68	-3.598591	7.922706	7.275148	88.814665	11.950677	4.312228	6.070246	-0.211026	-8.65988
69	-6.201808	8.121109	6.578178	91.150497	11.491712	4.398816	5.172074	0.748015	-8.522889
70	-8.809889	8.232454	5.786643	93.126576	11.107699	4.575366	4.202155	1.664226	-8.428826
71	-11.382904	8.331216	4.982174	94.711443	10.812508	4.818146	3.270059	2.434976	-8.404837
72	-13.900457	8.473674	4.243949	95.885297	10.60677	5.11179	2.49894	3.051343	-8.434881
73	-16.351732	8.667154	3.644072	96.63422	10.494075	5.432783	1.925617	3.535421	-8.502429
74	-18.72047	8.884345	3.214874	96.954015	10.484647	5.766008	1.472627	3.876002	-8.61796
75	-20.977407	9.095179	2.91443	96.845196	10.589735	6.141316	1.02368	4.052793	-8.77125
76	-23.093942	9.281464	2.661264	96.308664	10.803054	6.619738	0.523621	4.094852	-8.910085
77	-25.052079	9.427533	2.423289	95.35051	11.086994	7.225461	-0.008912	4.085421	-8.987055
78	-26.837851	9.50705	2.239931	93.981929	11.389713	7.921015	-0.536966	4.104916	-8.982085
79	-28.432555	9.497845	2.13163	92.21246	11.67803	8.674361	-1.010377	4.182555	-8.896281
80	-29.820269	9.39501	2.052309	90.052368	11.944347	9.493932	-1.370543	4.29961	-8.751716
81	-30.999248	9.191462	1.93145	87.508592	12.178234	10.397025	-1.605152	4.420945	-8.571277
82	-32.010573	8.886664	1.728564	84.632591	12.372406	11.372338	-1.75747	4.521442	-8.367988
83	-32.885147	8.476072	1.443717	81.447838	12.557192	12.393636	-1.861653	4.580413	-8.154174
84	-33.63479	7.960479	1.095874	77.961801	12.768112	13.438845	-1.964965	4.574148	-7.965365
85	-34.257466	7.355245	0.691241	74.191436	12.985088	14.495281	-2.137967	4.458872	-7.889809
86	-34.738017	6.677125	0.216964	70.164346	13.167003	15.553531	-2.393872	4.178574	-8.035873
87	-35.036893	5.937788	-0.353033	65.882931	13.282505	16.626283	-2.616856	3.738283	-8.42626
88	-35.106062	5.175934	-1.055165	61.327862	13.273476	17.755317	-2.660218	3.201058	-8.976807
89	-34.914438	4.468897	-1.919617	56.498185	13.057373	18.983969	-2.486603	2.604164	-9.599408
90	-34.452306	3.885873	-2.937215	51.433413	12.567626	20.304271	-2.158291	1.943182	-10.266621
91	-33.729849	3.446208	-4.043528	46.215997	11.780393	21.616115	-1.737532	1.203993	-10.981015
92	-32.779985	3.120286	-5.128337	40.963544	10.729217	22.746593	-1.237727	0.368311	-11.739603
93	-31.662349	2.847066	-6.043596	35.818043	9.497207	23.513552	-0.657427	-0.586189	-12.512943
94	-30.460823	2.555117	-6.613162	30.941384	8.18631	23.78889	-0.030797	-1.675597	-13.238847
95	-29.265954	2.190337	-6.689388	26.49429	6.903293	23.563495	0.579848	-2.926801	-13.881384
96	-28.146084	1.74045	-6.244579	22.590133	5.758275	22.992977	1.129322	-4.407862	-14.464704
97	-27.130417	1.236674	-5.391805	19.279253	4.833317	22.345501	1.59937	-6.190825	-15.011959
98	-26.216749	0.738243	-4.326332	16.574419	4.149155	21.894556	1.991198	-8.239699	-15.513369
99	-25.390809	0.310886	-3.266068	14.473454	3.677858	21.839331	2.346598	-10.317954	-15.950018
100	-24.643176	-0.003871	-2.384023	12.975014	3.377838	22.23029	2.741645	-12.026801	-16.30118
