Time	Hip_Z	Hip_X	Hip_Y	Knee_Z	Knee_X	Knee_Y	Ankle_Z	Ankle_X	Ankle_Y
0	-25.510668	-1.348226	-8.767782	13.136558	7.456732	22.19221	-4.901837	-3.723732	-13.029226
1	-25.417359	-1.553703	-9.345792	15.798188	7.671064	21.375018	-4.257503	-2.458677	-11.976116
2	-25.436634	-1.654234	-9.855298	18.652315	7.416863	20.253663	-3.862931	-0.697463	-10.515203
3	-25.57919	-1.708251	-10.217038	21.67698	6.624456	18.719786	-4.128777	1.344833	-8.521081
4	-25.88039	-1.797779	-10.42783	24.845216	5.552522	16.999207	-5.153003	3.329752	-6.234966
5	-26.336695	-1.971147	-10.592265	28.071086	4.676091	15.554686	-6.716338	4.897492	-4.162355
6	-26.854254	-2.260181	-10.770775	31.228991	4.280576	14.602022	-8.560491	5.85357	-2.641401
7	-27.268222	-2.702124	-10.925699	34.158599	4.28136	13.956556	-10.537015	6.217685	-1.616148
8	-27.433391	-3.30077	-11.051654	36.680629	4.441133	13.358984	-12.53725	6.152312	-0.8386
9	-27.31391	-3.983644	-11.220204	38.673658	4.589165	12.740454	-14.441959	5.88874	-0.142895
10	-26.968584	-4.595191	-11.501487	40.076775	4.657209	12.24354	-16.142501	5.627916	0.459905
11	-26.47731	-4.997107	-11.860866	40.972828	4.650188	12.03236	-17.618812	5.454279	0.898227
12	-25.793725	-5.137624	-12.224153	41.402824	4.552425	12.1624	-18.881047	5.379828	1.153786
13	-24.798941	-5.044616	-12.551613	41.382345	4.334247	12.588233	-19.942413	5.395718	1.261031
14	-23.410581	-4.793252	-12.842575	40.921193	4.008448	13.205908	-20.794481	5.460771	1.249596
15	-21.659797	-4.470331	-13.088238	40.064939	3.650103	13.878207	-21.419107	5.498209	1.120997
16	-19.666131	-4.154238	-13.247661	38.909876	3.346819	14.446495	-21.815218	5.429844	0.885206
17	-17.552296	-3.910118	-13.256645	37.55889	3.132752	14.749379	-21.983165	5.207033	0.592818
18	-15.395126	-3.781471	-13.055199	36.076601	2.995591	14.676727	-21.895319	4.807953	0.296213
19	-13.238519	-3.77821	-12.62499	34.480185	2.938528	14.215817	-21.48328	4.218436	0.009093
20	-11.112908	-3.852308	-12.043397	32.776505	2.973499	13.518435	-20.72178	3.490879	-0.289786
21	-9.033343	-3.95434	-11.357299	30.967553	3.111817	12.733973	-19.59874	2.699117	-0.658354
22	-7.000147	-4.04561	-10.559449	29.065309	3.36524	11.988137	-18.127437	1.901406	-1.174515
23	-5.007129	-4.098919	-9.632913	27.083803	3.729023	11.373843	-16.328122	1.135139	-1.858918
24	-3.051135	-4.095004	-8.583857	25.026132	4.165403	10.949132	-14.212528	0.421831	-2.673612
25	-1.132215	-4.01191	-7.435223	22.881422	4.616167	10.768736	-11.763175	-0.260208	-3.628049
26	0.748019	-3.820911	-6.216949	20.642153	5.02231	10.898427	-8.937537	-0.96598	-4.834996
27	2.581891	-3.502401	-4.963387	18.334658	5.34799	11.395761	-5.762644	-1.68757	-6.456988
28	4.348536	-3.064276	-3.697754	16.029003	5.585215	12.275321	-2.389477	-2.322973	-8.609803
29	6.022429	-2.567084	-2.438137	13.821795	5.734048	13.35906	0.941639	-2.820106	-11.075328
30	7.563964	-2.081401	-1.23122	11.829415	5.77987	14.348305	3.999082	-3.20007	-13.380415
31	8.923793	-1.673832	-0.151765	10.190005	5.739733	14.965549	6.574234	-3.484381	-15.06441
32	10.057877	-1.396113	0.731148	9.01991	5.682428	15.141807	8.577686	-3.70566	-15.913479
33	10.933365	-1.263953	1.38645	8.398624	5.684847	15.052084	10.071334	-3.929554	-15.978812
34	11.530741	-1.252672	1.829804	8.389244	5.797681	14.969347	11.159766	-4.222842	-15.49133
35	11.853194	-1.328822	2.084966	9.028356	6.048538	15.124967	11.8757	-4.584655	-14.785496
36	11.93158	-1.480985	2.14169	10.303109	6.456842	15.636397	12.18299	-4.928587	-14.172719
37	11.79995	-1.72491	1.955758	12.180452	7.063116	16.514296	12.069178	-5.166368	-13.850527
38	11.500737	-2.075287	1.528759	14.535501	7.909021	17.674654	11.687152	-5.319237	-13.845659
39	11.066863	-2.521895	0.912581	17.248025	9.010335	18.990582	11.220058	-5.473462	-14.058553
40	10.533885	-3.018774	0.187486	20.258141	10.330899	20.260705	10.771946	-5.685906	-14.320894
41	9.943311	-3.502598	-0.545616	23.555907	11.784216	21.244655	10.361251	-5.937189	-14.462768
42	9.33496	-3.91745	-1.182111	27.156247	13.260915	21.7489	9.965406	-6.142516	-14.37901
43	8.753334	-4.215288	-1.63639	31.064149	14.641251	21.663705	9.579634	-6.20039	-14.035821
44	8.246118	-4.359613	-1.861755	35.250404	15.813957	20.969752	9.231644	-6.056243	-13.461563
45	7.847284	-4.339376	-1.855216	39.644041	16.717521	19.743471	8.958887	-5.746274	-12.750759
46	7.566234	-4.166684	-1.638482	44.154881	17.347868	18.114337	8.791204	-5.374773	-12.03724
47	7.36483	-3.887724	-1.265084	48.704794	17.759056	16.243762	8.697951	-5.048473	-11.417748
48	7.179043	-3.556981	-0.801153	53.256468	18.022667	14.266141	8.577431	-4.818227	-10.879927
49	6.94801	-3.20968	-0.306945	57.797502	18.199977	12.276618	8.344409	-4.702485	-10.385058
50	6.616559	-2.855547	0.182224	62.331952	18.307347	10.318436	7.994634	-4.68165	-9.947625
51	6.132038	-2.484649	0.661182	66.865846	18.281511	8.396041	7.580643	-4.680732	-9.573296
52	5.459405	-2.086223	1.112827	71.37082	18.034996	6.559685	7.163382	-4.601228	-9.218018
53	4.601187	-1.660396	1.479909	75.774839	17.592002	4.943013	6.783474	-4.387368	-8.897903
54	3.578684	-1.207614	1.694062	80.014044	17.111326	3.66791	6.45383	-4.062386	-8.719652
55	2.413029	-0.708951	1.698527	84.047297	16.707807	2.792552	6.165239	-3.672805	-8.729541
56	1.166414	-0.131432	1.495709	87.839752	16.29576	2.302662	5.866033	-3.220227	-8.82262
57	-0.096436	0.534508	1.184206	91.38899	15.662371	2.092943	5.487985	-2.698534	-8.843962
58	-1.413126	1.262535	0.867216	94.718868	14.664136	2.053088	5.000886	-2.124944	-8.673603
59	-2.932458	1.995683	0.583106	97.857986	13.350406	2.142712	4.417309	-1.517032	-8.29304
60	-4.807852	2.676032	0.310683	100.802466	11.940288	2.381954	3.769342	-0.879762	-7.822836
61	-7.08596	3.272144	0.000957	103.512873	10.716458	2.758783	3.10072	-0.232034	-7.4638
62	-9.684264	3.778279	-0.391311	105.930004	9.837331	3.216893	2.450009	0.378336	-7.359578
63	-12.44141	4.192688	-0.877277	107.986295	9.269442	3.706794	1.823449	0.896577	-7.557376
64	-15.186861	4.50482	-1.431132	109.598303	8.938421	4.180529	1.196168	1.299002	-8.083729
65	-17.802552	4.712318	-1.997051	110.694581	8.805789	4.585942	0.560896	1.633335	-8.901135
66	-20.272683	4.834045	-2.512767	111.277159	8.772472	4.933196	-0.029141	1.944586	-9.829578
67	-22.628574	4.891597	-2.923638	111.347267	8.679461	5.296689	-0.506766	2.208546	-10.623345
68	-24.909806	4.91268	-3.204102	110.91579	8.408647	5.75512	-0.836305	2.376766	-11.106862
69	-27.146905	4.919861	-3.393911	110.007687	7.957226	6.337253	-1.013239	2.423074	-11.311035
70	-29.342654	4.921011	-3.581242	108.661593	7.412064	7.020993	-1.07057	2.391493	-11.361113
71	-31.454621	4.913569	-3.8473	106.911622	6.897064	7.763816	-1.081203	2.348017	-11.283677
72	-33.41439	4.894913	-4.231496	104.786754	6.553328	8.51275	-1.13574	2.280556	-11.078336
73	-35.154434	4.85579	-4.691389	102.312145	6.512877	9.194375	-1.309189	2.148895	-10.879103
74	-36.635872	4.786657	-5.132939	99.498063	6.775573	9.801409	-1.585989	1.981867	-10.771262
75	-37.885993	4.702068	-5.545666	96.371758	7.202446	10.446218	-1.85829	1.835141	-10.623632
76	-38.926019	4.607832	-5.966266	92.947366	7.744782	11.212701	-2.055057	1.725092	-10.360357
77	-39.771182	4.490659	-6.407436	89.249592	8.420198	12.115686	-2.180941	1.638695	-10.037829
78	-40.433515	4.333764	-6.864043	85.305313	9.217924	13.141039	-2.303791	1.543636	-9.734086
79	-40.919816	4.139829	-7.334457	81.137776	10.086111	14.285174	-2.502749	1.404406	-9.479009
80	-41.228086	3.949068	-7.835938	76.752731	10.988988	15.592575	-2.804162	1.212552	-9.270919
81	-41.357632	3.810641	-8.393531	72.130688	11.920181	17.136402	-3.184363	0.995663	-9.122805
82	-41.31425	3.736501	-9.004809	67.236221	12.826544	18.9449	-3.632883	0.788012	-9.068105
83	-41.101199	3.688478	-9.618399	62.040658	13.593328	20.945253	-4.128448	0.589157	-9.189992
84	-40.727047	3.605468	-10.164327	56.574956	14.157663	22.991027	-4.565687	0.379944	-9.561934
85	-40.170236	3.446565	-10.584466	50.871168	14.434257	24.959776	-4.852056	0.169919	-10.175866
86	-39.422198	3.19407	-10.808479	45.026096	14.288939	26.69321	-4.983945	-0.011064	-10.941531
87	-38.5185	2.824211	-10.731269	39.218556	13.635902	27.945978	-5.010226	-0.163134	-11.74282
88	-37.540771	2.286239	-10.233589	33.681782	12.524446	28.398718	-4.993222	-0.358978	-12.452268
89	-36.57285	1.548842	-9.24985	28.64185	11.111583	27.807272	-5.01386	-0.699936	-12.95736
90	-35.642248	0.679164	-7.877193	24.225291	9.587512	26.247179	-5.144159	-1.231142	-13.222839
91	-34.725547	-0.162153	-6.41504	20.435842	8.159351	24.179076	-5.403615	-1.926747	-13.334034
92	-33.789919	-0.791555	-5.29396	17.242742	7.056757	22.294829	-5.736552	-2.702277	-13.481961
93	-32.810363	-1.143344	-4.778758	14.531999	6.35151	21.092955	-6.035954	-3.416054	-13.813795
94	-31.76672	-1.241666	-4.938553	12.283595	6.003268	20.713554	-6.232745	-3.939043	-14.327451
95	-30.667263	-1.180046	-5.66764	10.551053	5.910644	20.992264	-6.30737	-4.199643	-14.888414
96	-29.571223	-1.084002	-6.755517	9.457387	5.992122	21.585772	-6.276278	-4.217197	-15.302161
97	-28.577697	-1.068292	-7.964297	9.140759	6.219107	22.117953	-6.150131	-4.067677	-15.398673
98	-27.780481	-1.182028	-9.10354	9.67828	6.572522	22.321329	-5.875423	-3.779811	-15.098385
99	-27.22691	-1.38785	-10.078664	11.04263	6.991287	22.113539	-5.332507	-3.258316	-14.419432
100	-26.915675	-1.605438	-10.882133	13.120945	7.368364	21.548421	-4.479802	-2.36197	-13.421193
