Time	Hip_Z	Hip_X	Hip_Y	Knee_Z	Knee_X	Knee_Y	Ankle_Z	Ankle_X	Ankle_Y
0	-18.207701	-0.939327	-1.781759	10.604196	-2.48651	21.693452	-9.406138	-2.077716	-10.984478
1	-17.5751	-1.062873	-2.343478	11.779341	-2.229457	22.031907	-7.972574	-1.254278	-10.090975
2	-16.923543	-1.235787	-2.904772	13.291392	-1.981693	22.147698	-6.382029	-0.079181	-9.012734
3	-16.268466	-1.467867	-3.312004	15.124846	-1.844377	21.900164	-5.264085	1.248162	-7.843659
4	-15.644767	-1.737842	-3.468183	17.244173	-1.888434	21.29012	-5.004138	2.638569	-6.696841
5	-15.109769	-1.999355	-3.384252	19.589696	-2.10192	20.462551	-5.597919	4.061641	-5.621217
6	-14.734695	-2.21342	-3.161417	22.082993	-2.361229	19.618847	-6.779058	5.368588	-4.662741
7	-14.574374	-2.377547	-2.912955	24.62801	-2.512787	18.878697	-8.238587	6.338935	-3.892156
8	-14.647206	-2.533442	-2.687962	27.090466	-2.532505	18.136705	-9.807285	6.778007	-3.264592
9	-14.869367	-2.743107	-2.457935	29.345229	-2.616755	17.089319	-11.463351	6.720137	-2.483171
10	-15.138074	-3.041242	-2.195647	31.309918	-2.92011	15.588358	-13.190387	6.317992	-1.358572
11	-15.338622	-3.41075	-1.905853	32.936614	-3.390996	13.838788	-14.891386	5.791626	-0.070843
12	-15.360242	-3.766302	-1.613791	34.199873	-3.871771	12.224615	-16.456567	5.337976	1.02117
13	-15.10231	-3.985861	-1.34808	35.084862	-4.281607	11.014491	-17.84451	5.061516	1.708046
14	-14.472479	-3.993366	-1.130906	35.579037	-4.620318	10.275867	-19.069878	4.957326	1.990663
15	-13.377574	-3.800818	-0.973755	35.648331	-4.8898	9.946668	-20.13543	4.949676	1.995331
16	-11.872944	-3.498595	-0.865671	35.335268	-5.092106	9.857916	-21.046398	4.947782	1.851861
17	-10.108959	-3.145788	-0.793982	34.709104	-5.241306	9.882089	-21.810635	4.906251	1.568933
18	-8.263999	-2.773227	-0.752787	33.843851	-5.355183	9.928602	-22.437511	4.797762	1.162686
19	-6.47052	-2.398295	-0.730268	32.797336	-5.440461	9.924613	-22.902122	4.611434	0.666499
20	-4.769174	-2.026082	-0.697435	31.599842	-5.483798	9.826063	-23.133591	4.364092	0.074845
21	-3.136391	-1.658325	-0.627036	30.26887	-5.459814	9.634428	-23.083394	4.071209	-0.601421
22	-1.543848	-1.291907	-0.500673	28.827975	-5.351119	9.388321	-22.725156	3.742022	-1.311719
23	0.008836	-0.896933	-0.292066	27.339844	-5.157982	9.178257	-22.049101	3.421202	-2.077756
24	1.498256	-0.428601	0.021156	25.871698	-4.902314	9.094511	-21.080456	3.14155	-2.987922
25	2.895819	0.141273	0.419272	24.469562	-4.649719	9.175632	-19.854076	2.921732	-4.047126
26	4.186664	0.80287	0.850291	23.160945	-4.448073	9.453744	-18.391701	2.774066	-5.200122
27	5.374447	1.514558	1.294323	21.960555	-4.269361	9.973456	-16.716829	2.672926	-6.42816
28	6.467473	2.228045	1.781377	20.876277	-4.076143	10.697231	-14.851753	2.568295	-7.701849
29	7.465958	2.906304	2.328976	19.915861	-3.885377	11.491067	-12.767248	2.407958	-8.972062
30	8.374674	3.526989	2.895147	19.074711	-3.727815	12.236071	-10.455953	2.169671	-10.251467
31	9.2016	4.080884	3.445369	18.343163	-3.587481	12.889529	-8.018559	1.886626	-11.535776
32	9.942691	4.56162	3.983096	17.731048	-3.423497	13.441439	-5.54415	1.571991	-12.736878
33	10.595082	4.966876	4.51525	17.252665	-3.206815	13.904272	-3.066655	1.21123	-13.760836
34	11.159986	5.293545	5.034249	16.920499	-2.931217	14.288223	-0.600652	0.801512	-14.566456
35	11.644515	5.53554	5.516724	16.741107	-2.601018	14.597991	1.83515	0.343091	-15.156258
36	12.058771	5.686572	5.927623	16.719123	-2.22899	14.849874	4.225402	-0.1684	-15.537662
37	12.408181	5.745572	6.236296	16.862815	-1.833799	15.082017	6.564461	-0.718596	-15.68955
38	12.700339	5.716401	6.431368	17.159398	-1.417788	15.345372	8.835259	-1.284634	-15.61182
39	12.938389	5.591216	6.500815	17.605234	-0.959029	15.691741	10.999929	-1.842026	-15.335992
40	13.122524	5.374241	6.454865	18.205185	-0.432893	16.144228	13.03499	-2.347705	-14.919106
41	13.245335	5.084744	6.324157	18.977253	0.177713	16.669878	14.922168	-2.767501	-14.386086
42	13.29579	4.745646	6.138392	19.946321	0.894249	17.231739	16.616487	-3.098121	-13.763362
43	13.261668	4.380695	5.925704	21.144229	1.75039	17.828154	18.021777	-3.353682	-13.150585
44	13.122707	4.023891	5.734947	22.629397	2.774133	18.409363	18.963563	-3.548058	-12.687431
45	12.877667	3.713855	5.613813	24.412652	3.917909	18.849793	19.379435	-3.682114	-12.416286
46	12.525632	3.480892	5.577078	26.499445	5.124819	19.06262	19.287145	-3.737027	-12.343993
47	12.077895	3.335653	5.604908	28.858424	6.351379	19.036747	18.802267	-3.726898	-12.444926
48	11.557314	3.275261	5.663345	31.435798	7.57054	18.806404	18.07421	-3.702166	-12.653355
49	10.992526	3.294418	5.712096	34.170009	8.769271	18.439236	17.235968	-3.712839	-12.900089
50	10.406379	3.390131	5.722376	37.008072	9.951609	17.996513	16.393012	-3.778954	-13.131191
51	9.801772	3.577567	5.698776	39.929486	11.123416	17.475003	15.639496	-3.866302	-13.282779
52	9.168479	3.856845	5.669081	42.918043	12.276232	16.853477	14.999166	-3.906055	-13.310114
53	8.489742	4.226534	5.640129	45.966242	13.392206	16.121009	14.441438	-3.853242	-13.177597
54	7.751278	4.676706	5.593624	49.055452	14.460104	15.295862	13.901895	-3.685057	-12.872791
55	6.952209	5.205569	5.492181	52.153998	15.468247	14.416715	13.312621	-3.403947	-12.428185
56	6.100188	5.831467	5.302717	55.225117	16.386347	13.522497	12.645257	-3.019127	-11.908971
57	5.173888	6.571943	5.017802	58.243298	17.171275	12.631067	11.929321	-2.501649	-11.354748
58	4.05538	7.38996	4.645149	61.199549	17.801156	11.732053	11.198082	-1.771533	-10.771626
59	2.618182	8.148386	4.246004	64.104885	18.34314	10.774791	10.445884	-0.813438	-10.183009
60	0.827775	8.699408	3.896281	66.944666	18.872891	9.697212	9.638533	0.299948	-9.621689
61	-1.209469	8.942669	3.611663	69.665871	19.439215	8.499114	8.731721	1.399002	-9.115976
62	-3.320784	8.852241	3.331005	72.194257	20.042756	7.264911	7.712249	2.331854	-8.690591
63	-5.379778	8.449005	2.992573	74.465418	20.650075	6.09663	6.609987	3.045862	-8.365586
64	-7.338391	7.774883	2.59688	76.439562	21.220225	5.042988	5.449841	3.551544	-8.142249
65	-9.19438	6.904907	2.177416	78.070523	21.707221	4.136194	4.20257	3.867069	-8.019143
66	-10.993442	5.98386	1.753453	79.364838	22.077055	3.410495	2.818029	4.011542	-7.992548
67	-12.781018	5.120048	1.342344	80.331171	22.299172	2.887702	1.289171	3.986154	-8.048008
68	-14.568397	4.370954	0.961161	80.961461	22.357846	2.589224	-0.338551	3.837029	-8.145929
69	-16.330898	3.76131	0.599312	81.236777	22.263831	2.558182	-1.990051	3.639375	-8.251353
70	-18.032416	3.28955	0.237259	81.140511	22.032476	2.827739	-3.544191	3.453112	-8.343552
71	-19.646974	2.924	-0.114477	80.671551	21.673859	3.380913	-4.850946	3.33594	-8.357297
72	-21.157392	2.615857	-0.437807	79.819546	21.199373	4.196512	-5.825526	3.32531	-8.199206
73	-22.564833	2.326735	-0.761623	78.602207	20.643449	5.269718	-6.536129	3.401187	-7.900241
74	-23.869904	2.045933	-1.122294	77.039909	20.051666	6.595035	-7.07108	3.544774	-7.551785
75	-25.049165	1.766868	-1.537307	75.133337	19.46012	8.153756	-7.485368	3.7408	-7.21615
76	-26.06683	1.479247	-2.015882	72.894263	18.855538	9.897463	-7.851673	3.925451	-6.937649
77	-26.898658	1.172854	-2.549986	70.358033	18.173515	11.738274	-8.256575	4.006481	-6.71406
78	-27.53764	0.84206	-3.110383	67.567826	17.372104	13.581025	-8.745654	3.940141	-6.518189
79	-27.973225	0.488109	-3.660275	64.534404	16.493277	15.373365	-9.257274	3.76943	-6.363644
80	-28.205593	0.122787	-4.164026	61.253607	15.632607	17.114677	-9.642875	3.596465	-6.28701
81	-28.260025	-0.231024	-4.604169	57.750115	14.81523	18.813245	-9.867181	3.463554	-6.286761
82	-28.155023	-0.551863	-4.975006	54.055528	14.002868	20.455227	-9.998685	3.342323	-6.371971
83	-27.907258	-0.830434	-5.267297	50.210842	13.140359	22.010386	-10.089546	3.197955	-6.583609
84	-27.529867	-1.065569	-5.468242	46.259637	12.146001	23.422838	-10.14024	3.031729	-6.924718
85	-27.040076	-1.250992	-5.580262	42.251614	10.926782	24.615423	-10.14135	2.87646	-7.325839
86	-26.468809	-1.377722	-5.608502	38.246208	9.453467	25.50781	-10.087305	2.753716	-7.723224
87	-25.863827	-1.452601	-5.530358	34.316478	7.780843	26.00911	-9.980577	2.628869	-8.097943
88	-25.269273	-1.50035	-5.321136	30.520639	5.996651	26.071186	-9.844093	2.441593	-8.437691
89	-24.716602	-1.547105	-4.95865	26.911702	4.191677	25.654846	-9.697626	2.145036	-8.740859
90	-24.227488	-1.612982	-4.460008	23.529902	2.488013	24.818574	-9.565401	1.699392	-9.053102
91	-23.802824	-1.700455	-3.899994	20.392443	1.004849	23.748087	-9.473214	1.085228	-9.472511
92	-23.423653	-1.80242	-3.378634	17.505919	-0.174647	22.698536	-9.444753	0.320633	-10.110502
93	-23.060346	-1.904394	-2.988635	14.890883	-1.030674	21.914126	-9.510903	-0.545181	-11.031674
94	-22.68047	-1.978792	-2.807924	12.609595	-1.619131	21.545756	-9.66449	-1.387758	-12.158346
95	-22.265151	-2.00812	-2.82837	10.691181	-2.072992	21.49114	-9.825997	-2.064994	-13.192694
96	-21.809209	-1.994965	-3.013467	9.204109	-2.458936	21.610343	-9.971456	-2.586635	-13.87889
97	-21.320917	-1.960052	-3.308974	8.223662	-2.785894	21.797703	-10.139221	-3.090712	-14.15917
98	-20.817331	-1.934176	-3.665822	7.80842	-3.015447	22.008767	-10.353996	-3.647719	-14.150092
99	-20.313136	-1.952001	-4.049524	7.964253	-3.089689	22.23281	-10.5729	-4.16849	-14.024803
100	-19.809881	-2.039768	-4.444705	8.6289	-2.975372	22.434018	-10.684701	-4.50113	-13.875145
