Time	Hip_Z	Hip_X	Hip_Y	Knee_Z	Knee_X	Knee_Y	Ankle_Z	Ankle_X	Ankle_Y
0	-23.454767	-2.111175	-4.619574	11.875731	2.925256	17.577527	-1.416363	-4.379242	-12.323776
1	-22.845059	-2.296467	-5.558395	12.841818	3.481147	18.321851	-1.058089	-3.89007	-12.292577
2	-22.173226	-2.461924	-6.485306	13.95744	4.012939	18.962514	-0.546854	-3.125315	-12.289606
3	-21.453451	-2.597537	-7.315271	15.217507	4.396859	19.296138	-0.140233	-2.077761	-12.108967
4	-20.738539	-2.682332	-7.978369	16.687474	4.525128	19.198872	-0.251854	-0.878952	-11.598573
5	-20.102953	-2.6909	-8.468284	18.444346	4.400481	18.778466	-1.109568	0.298438	-10.791712
6	-19.606104	-2.633301	-8.833971	20.494537	4.18801	18.334439	-2.572403	1.332796	-9.907975
7	-19.254084	-2.563753	-9.128936	22.762053	4.113914	18.10913	-4.33923	2.123917	-9.189565
8	-18.971079	-2.548816	-9.353857	25.137727	4.256178	18.047949	-6.199754	2.627878	-8.688897
9	-18.619003	-2.640408	-9.452867	27.500018	4.477472	17.844194	-8.070348	2.885444	-8.223998
10	-18.069783	-2.861865	-9.379698	29.703877	4.574032	17.227996	-9.916478	2.956961	-7.569548
11	-17.270924	-3.192687	-9.149436	31.597966	4.434407	16.178767	-11.696174	2.896154	-6.65527
12	-16.265838	-3.566352	-8.817181	33.076724	4.088043	14.913491	-13.356636	2.764474	-5.610324
13	-15.172021	-3.893625	-8.455934	34.117981	3.670343	13.766491	-14.862099	2.622532	-4.689554
14	-14.125981	-4.095229	-8.164258	34.773678	3.333098	13.057527	-16.217068	2.515926	-4.145683
15	-13.213383	-4.124379	-8.025385	35.128293	3.155051	12.935062	-17.453245	2.460857	-4.094691
16	-12.421309	-3.974027	-8.048762	35.254847	3.111364	13.283894	-18.592534	2.433725	-4.438825
17	-11.651419	-3.671423	-8.190361	35.186682	3.119942	13.848871	-19.619106	2.400716	-4.928519
18	-10.78777	-3.266375	-8.406596	34.92179	3.11433	14.430442	-20.49391	2.347436	-5.318033
19	-9.759866	-2.818645	-8.670632	34.450502	3.075666	14.934268	-21.204953	2.255353	-5.497029
20	-8.558046	-2.381157	-8.964847	33.776701	3.021687	15.32911	-21.765936	2.09388	-5.521543
21	-7.211488	-1.987809	-9.268521	32.920853	2.982199	15.610684	-22.171543	1.850097	-5.510447
22	-5.755332	-1.655915	-9.554518	31.906011	2.98012	15.79028	-22.396128	1.529191	-5.531594
23	-4.215379	-1.386684	-9.799729	30.748442	3.020013	15.898873	-22.403372	1.140275	-5.608235
24	-2.619121	-1.163601	-9.988424	29.466313	3.091194	15.976078	-22.146956	0.699807	-5.768503
25	-1.002707	-0.965442	-10.099414	28.083516	3.189842	16.05211	-21.593079	0.233844	-6.046069
26	0.596539	-0.776469	-10.100838	26.62596	3.328221	16.148615	-20.737474	-0.231372	-6.469736
27	2.143567	-0.580689	-9.965963	25.125122	3.51634	16.285482	-19.604283	-0.683948	-7.069518
28	3.606193	-0.358005	-9.684462	23.620351	3.737101	16.463682	-18.234204	-1.127212	-7.849851
29	4.961202	-0.089683	-9.258819	22.153696	3.936955	16.637838	-16.663959	-1.566574	-8.734183
30	6.196585	0.230055	-8.712219	20.762985	4.062158	16.751899	-14.919044	-2.004398	-9.595047
31	7.299186	0.584955	-8.101273	19.477826	4.111699	16.819873	-13.02042	-2.439386	-10.380311
32	8.244637	0.94716	-7.486912	18.322094	4.127386	16.912211	-10.990365	-2.86142	-11.160653
33	9.008659	1.298779	-6.883234	17.322894	4.142451	17.04692	-8.863573	-3.258706	-12.037321
34	9.580309	1.637003	-6.254909	16.51854	4.162441	17.136492	-6.696396	-3.631068	-13.03888
35	9.959415	1.95781	-5.565914	15.951016	4.183524	17.055083	-4.559063	-3.982305	-14.089856
36	10.152808	2.23872	-4.826118	15.648853	4.21538	16.738425	-2.514911	-4.305139	-15.039224
37	10.179028	2.439983	-4.106446	15.622205	4.281318	16.213168	-0.587895	-4.579295	-15.726162
38	10.069791	2.519557	-3.521446	15.870376	4.406209	15.569026	1.247582	-4.780085	-16.060322
39	9.858688	2.451146	-3.177161	16.393839	4.61775	14.925459	3.009038	-4.895069	-16.064824
40	9.570451	2.244466	-3.112035	17.202275	4.938375	14.393066	4.649752	-4.933849	-15.846853
41	9.223549	1.9481	-3.289283	18.30909	5.365989	14.043781	6.085945	-4.93433	-15.531573
42	8.83225	1.618063	-3.650513	19.72118	5.89153	13.920309	7.250404	-4.972225	-15.214934
43	8.400534	1.293159	-4.153041	21.435832	6.522018	14.042407	8.114697	-5.124979	-14.950753
44	7.923981	1.009131	-4.737597	23.439943	7.257254	14.379465	8.689708	-5.398755	-14.762836
45	7.402607	0.811939	-5.297975	25.709828	8.070965	14.850526	9.003306	-5.712459	-14.663401
46	6.846286	0.743189	-5.716743	28.219431	8.926388	15.353786	9.072913	-5.953202	-14.647288
47	6.266186	0.823374	-5.913505	30.946693	9.789734	15.782532	8.908412	-6.036021	-14.680381
48	5.665874	1.046953	-5.857196	33.860312	10.645247	16.052584	8.537965	-5.933681	-14.721972
49	5.042451	1.381145	-5.56666	36.903234	11.518124	16.140958	8.023759	-5.681634	-14.749077
50	4.392715	1.77534	-5.10249	40.001537	12.464732	16.081694	7.45163	-5.357633	-14.751959
51	3.711304	2.178666	-4.534804	43.089527	13.532711	15.920121	6.906205	-5.041033	-14.723981
52	2.980393	2.547142	-3.915812	46.126423	14.738824	15.677169	6.451579	-4.784911	-14.655385
53	2.170802	2.850696	-3.277188	49.100983	16.06805	15.341965	6.117817	-4.613525	-14.530263
54	1.258678	3.085692	-2.637087	52.025817	17.475556	14.882712	5.893677	-4.516346	-14.332252
55	0.240716	3.26936	-2.009611	54.920681	18.890622	14.270847	5.744252	-4.434004	-14.048318
56	-0.855875	3.423283	-1.420614	57.790489	20.225136	13.509861	5.636209	-4.270238	-13.673044
57	-1.975622	3.569683	-0.918152	60.613382	21.39154	12.64352	5.530471	-3.939286	-13.231771
58	-3.060187	3.725625	-0.555309	63.349833	22.326763	11.727681	5.364815	-3.402841	-12.795838
59	-4.077788	3.885856	-0.359812	65.959795	23.007284	10.800074	5.069695	-2.663583	-12.444067
60	-5.040491	4.02603	-0.326155	68.415451	23.441952	9.882026	4.605546	-1.750187	-12.204572
61	-6.010845	4.127737	-0.42657	70.705146	23.65577	8.992925	3.979964	-0.728029	-12.057608
62	-7.086744	4.18573	-0.619346	72.819899	23.694753	8.153572	3.226874	0.286157	-11.995028
63	-8.363098	4.197166	-0.864526	74.737589	23.628099	7.386026	2.389395	1.150383	-12.042072
64	-9.889547	4.157328	-1.159775	76.424055	23.517261	6.726612	1.544283	1.761821	-12.203268
65	-11.643237	4.061881	-1.54751	77.83991	23.386413	6.231879	0.800813	2.093507	-12.421952
66	-13.535178	3.911123	-2.052165	78.944226	23.220767	5.947194	0.229661	2.180121	-12.624631
67	-15.451263	3.712258	-2.632682	79.703997	22.98974	5.87581	-0.177111	2.089761	-12.784027
68	-17.294226	3.478061	-3.22538	80.106513	22.676507	5.996502	-0.46076	1.899385	-12.907574
69	-19.0002	3.227087	-3.79562	80.158297	22.279519	6.295119	-0.646658	1.6795	-12.98089
70	-20.54138	2.979173	-4.327824	79.874722	21.799862	6.757921	-0.751403	1.481481	-12.971368
71	-21.92324	2.744802	-4.802276	79.276099	21.248465	7.348086	-0.810752	1.321834	-12.888991
72	-23.169871	2.525776	-5.203321	78.38627	20.650048	8.01602	-0.874172	1.190195	-12.800445
73	-24.308137	2.327552	-5.537306	77.228288	20.025038	8.731478	-0.983298	1.081672	-12.773361
74	-25.362998	2.156872	-5.822358	75.822505	19.379482	9.482598	-1.162631	1.013303	-12.830349
75	-26.353294	2.007238	-6.071216	74.186137	18.71606	10.253606	-1.417984	0.999208	-12.951809
76	-27.282279	1.865542	-6.310038	72.329812	18.044915	11.036551	-1.742615	1.004951	-13.074971
77	-28.139372	1.733941	-6.596923	70.254291	17.381693	11.857699	-2.114827	0.953498	-13.112584
78	-28.910171	1.626864	-6.981187	67.950616	16.736227	12.755384	-2.494725	0.790773	-13.039924
79	-29.567762	1.539602	-7.435835	65.397467	16.100413	13.721545	-2.856551	0.515376	-12.903228
80	-30.062365	1.438474	-7.867903	62.557615	15.447737	14.69945	-3.213897	0.158964	-12.7075
81	-30.346276	1.292989	-8.21319	59.391985	14.747449	15.645713	-3.575117	-0.226452	-12.403642
82	-30.410338	1.09859	-8.483651	55.88845	13.988773	16.550846	-3.89006	-0.591086	-12.016099
83	-30.286197	0.864231	-8.711619	52.073653	13.195887	17.40337	-4.063957	-0.926929	-11.686281
84	-30.015351	0.599157	-8.889146	47.999949	12.396741	18.173212	-4.012989	-1.275682	-11.544349
85	-29.627258	0.318972	-8.97881	43.736655	11.57333	18.822889	-3.731159	-1.692538	-11.604609
86	-29.14701	0.05309	-8.952556	39.375154	10.673534	19.319547	-3.310329	-2.20833	-11.808272
87	-28.608105	-0.168644	-8.800275	35.026848	9.67479	19.643673	-2.858032	-2.823207	-12.101147
88	-28.054639	-0.340028	-8.506827	30.816524	8.614724	19.785563	-2.438402	-3.523516	-12.466499
89	-27.534569	-0.485786	-8.032139	26.879168	7.560958	19.734546	-2.113429	-4.291911	-12.926306
90	-27.082808	-0.647955	-7.330069	23.337462	6.563143	19.480259	-1.95122	-5.092111	-13.516165
91	-26.705186	-0.858233	-6.396985	20.265565	5.625197	19.027778	-1.964088	-5.843757	-14.223868
92	-26.380593	-1.114432	-5.301357	17.682418	4.718749	18.413393	-2.087143	-6.432118	-14.941584
93	-26.079014	-1.388144	-4.173309	15.575527	3.838805	17.71093	-2.230654	-6.781976	-15.525398
94	-25.776936	-1.648269	-3.183614	13.916624	3.036647	17.021541	-2.325707	-6.908038	-15.851211
95	-25.457072	-1.871871	-2.512913	12.660066	2.386149	16.447006	-2.32423	-6.862985	-15.788537
96	-25.099352	-2.049597	-2.284609	11.750548	1.944569	16.074402	-2.203019	-6.68483	-15.286591
97	-24.682245	-2.192417	-2.500048	11.150542	1.742336	15.961411	-1.981984	-6.41183	-14.50532
98	-24.19638	-2.329865	-3.044619	10.858761	1.773309	16.099748	-1.710437	-6.086964	-13.727505
99	-23.650715	-2.490655	-3.768946	10.896424	1.996947	16.425861	-1.41234	-5.716174	-13.162462
100	-23.064215	-2.67413	-4.57793	11.27405	2.367343	16.893165	-1.045759	-5.239955	-12.880494
