Time	Hip_Z	Hip_X	Hip_Y	Knee_Z	Knee_X	Knee_Y	Ankle_Z	Ankle_X	Ankle_Y
0	-24.195154	-3.575268	-3.337695	13.328306	4.711358	19.840577	-11.914728	-1.473785	-12.712847
1	-23.81127	-3.693239	-3.671495	14.503739	5.156486	20.33261	-10.906141	-0.920215	-12.650945
2	-23.375711	-3.837916	-3.928105	15.888183	5.640368	20.652529	-9.395989	-0.04823	-12.449819
3	-22.879444	-4.039472	-3.943389	17.436421	6.012509	20.482401	-7.702784	1.044654	-11.975752
4	-22.358284	-4.317402	-3.613073	19.1507	6.152158	19.624081	-6.240963	2.211134	-11.191069
5	-21.88174	-4.668746	-3.012264	21.066923	6.084609	18.242855	-5.391867	3.391449	-10.243933
6	-21.549864	-5.083225	-2.459391	23.304382	6.02424	16.900594	-5.512846	4.534745	-9.415201
7	-21.36942	-5.566955	-2.241309	25.848221	6.17338	16.046833	-6.401279	5.5017	-8.815802
8	-21.268144	-6.182854	-2.376183	28.545605	6.589136	15.743625	-7.749888	6.203047	-8.494387
9	-21.114695	-6.997487	-2.673825	31.121484	7.244102	15.808205	-9.257065	6.628399	-8.526639
10	-20.803293	-8.016781	-2.879996	33.351783	8.033849	15.928691	-10.768129	6.797622	-8.876459
11	-20.29766	-9.159427	-2.772372	35.126374	8.744023	15.775227	-12.246045	6.783211	-9.28749
12	-19.674915	-10.25334	-2.427884	36.546434	9.218046	15.401188	-13.69614	6.744906	-9.526895
13	-18.969162	-11.159683	-2.026968	37.611697	9.412452	15.091008	-15.09451	6.748211	-9.604945
14	-18.203031	-11.776145	-1.731859	38.309847	9.358013	15.138071	-16.398626	6.793427	-9.628686
15	-17.407601	-12.052833	-1.62461	38.675692	9.134983	15.683058	-17.574797	6.847602	-9.702151
16	-16.589115	-11.960516	-1.702542	38.768343	8.801418	16.627142	-18.604271	6.864525	-9.845637
17	-15.6996	-11.626418	-1.814968	38.702999	8.385699	17.571901	-19.526025	6.827469	-9.920449
18	-14.682141	-11.146019	-1.859804	38.483316	7.908393	18.314268	-20.336631	6.73542	-9.854128
19	-13.531034	-10.61129	-1.800805	38.082194	7.435342	18.82498	-21.015231	6.576781	-9.739547
20	-12.278838	-10.099752	-1.64454	37.490473	7.027763	19.131543	-21.541204	6.327917	-9.706727
21	-10.948356	-9.674924	-1.410789	36.698707	6.691408	19.21003	-21.869207	5.974699	-9.765862
22	-9.579784	-9.330453	-1.130683	35.760905	6.377755	19.069281	-22.008356	5.556524	-9.811754
23	-8.203661	-9.03377	-0.805768	34.698789	6.082055	18.717901	-21.937798	5.091604	-9.823995
24	-6.843858	-8.74487	-0.446105	33.522544	5.841957	18.225264	-21.653125	4.582386	-9.875924
25	-5.510819	-8.430469	-0.082136	32.238475	5.683978	17.687137	-21.189712	4.0259	-10.043036
26	-4.205506	-8.054286	0.234267	30.838387	5.59303	17.204536	-20.537841	3.429688	-10.364177
27	-2.919628	-7.602687	0.478799	29.350996	5.519333	16.837407	-19.692418	2.824231	-10.805643
28	-1.656287	-7.062088	0.667191	27.809211	5.417183	16.581272	-18.655228	2.216302	-11.321314
29	-0.418364	-6.422321	0.844796	26.252739	5.244882	16.393666	-17.447032	1.602024	-11.859122
30	0.795971	-5.679118	1.053852	24.70954	4.998538	16.260592	-16.077264	0.987705	-12.414032
31	1.977392	-4.823036	1.334849	23.196289	4.705163	16.220591	-14.521068	0.388509	-13.043407
32	3.121618	-3.879225	1.703545	21.709961	4.399252	16.283273	-12.78742	-0.1889	-13.776336
33	4.230403	-2.86466	2.182424	20.25695	4.092959	16.435273	-10.871921	-0.750298	-14.605407
34	5.31229	-1.805762	2.785725	18.852058	3.79859	16.645921	-8.790402	-1.311563	-15.507492
35	6.374618	-0.742445	3.49794	17.507118	3.538124	16.897323	-6.560772	-1.880206	-16.474114
36	7.418448	0.258675	4.267741	16.238654	3.347695	17.19479	-4.197471	-2.467083	-17.487432
37	8.451482	1.150426	5.019631	15.048891	3.231103	17.517662	-1.776231	-3.068172	-18.465449
38	9.478574	1.901081	5.717476	13.968092	3.188599	17.829623	0.638536	-3.665252	-19.332239
39	10.492148	2.495432	6.353758	13.050374	3.221994	18.086738	2.98038	-4.249118	-19.995053
40	11.468559	2.930996	6.926369	12.365468	3.337325	18.258599	5.20222	-4.815514	-20.353976
41	12.351712	3.195699	7.418304	12.04649	3.559673	18.344894	7.242375	-5.375894	-20.327273
42	13.093567	3.326163	7.840397	12.13488	3.896574	18.412438	9.064654	-5.963924	-19.959243
43	13.647128	3.331184	8.17593	12.680118	4.372225	18.550755	10.650591	-6.576168	-19.224938
44	13.984537	3.214192	8.393359	13.691371	5.017497	18.844647	12.055598	-7.141926	-18.12843
45	14.090588	2.987853	8.487625	15.157892	5.870544	19.317387	13.350975	-7.543764	-16.753793
46	13.931991	2.675595	8.471791	17.114956	6.994724	19.936288	14.513469	-7.641588	-15.321468
47	13.563224	2.335911	8.403848	19.462969	8.341816	20.550409	15.430328	-7.462485	-14.056985
48	13.018175	2.011492	8.337089	22.169151	9.866615	20.995566	15.967232	-7.06947	-12.998109
49	12.335558	1.733194	8.326639	25.202054	11.521499	21.131381	16.079234	-6.563692	-12.092486
50	11.551858	1.517819	8.417624	28.52406	13.264385	20.876096	15.825798	-6.035217	-11.305005
51	10.693936	1.376352	8.643757	32.106396	15.059369	20.172501	15.312239	-5.519514	-10.701763
52	9.798286	1.282418	8.955052	35.846894	16.855729	19.138096	14.696306	-5.016781	-10.314415
53	8.866165	1.20994	9.313936	39.711977	18.608725	17.80132	14.034908	-4.558454	-10.126814
54	7.868282	1.133053	9.717518	43.708062	20.267536	16.126454	13.34696	-4.202993	-10.074664
55	6.76859	1.028743	10.149	47.850239	21.769176	14.101463	12.64709	-3.990338	-10.08539
56	5.544919	0.876752	10.518452	52.13377	23.018767	11.811792	11.958936	-3.914205	-10.126765
57	4.251168	0.699852	10.739659	56.470296	24.003534	9.489561	11.294612	-3.859963	-10.197729
58	2.948469	0.55245	10.744292	60.7668	24.694792	7.329902	10.64078	-3.714775	-10.30746
59	1.676933	0.510112	10.50558	64.931428	25.107893	5.478183	9.94385	-3.438943	-10.492277
60	0.403907	0.624994	10.071475	68.917319	25.318231	3.937138	9.130253	-3.102167	-10.804722
61	-1.010664	0.889263	9.515353	72.718113	25.410045	2.593303	8.143607	-2.77722	-11.256321
62	-2.665842	1.198605	8.882869	76.387167	25.44113	1.305729	7.02691	-2.462218	-11.742447
63	-4.597217	1.489053	8.162042	79.914895	25.386926	0.05139	5.807182	-2.151208	-12.169057
64	-6.786997	1.724546	7.366811	83.253255	25.197491	-1.151359	4.519086	-1.835231	-12.455098
65	-9.183203	1.881512	6.55137	86.331384	24.841272	-2.26891	3.209549	-1.490371	-12.547834
66	-11.7121	1.919837	5.790731	89.015024	24.337199	-3.237521	1.938619	-1.081115	-12.437499
67	-14.262283	1.837767	5.124603	91.284604	23.782881	-4.040231	0.741952	-0.604638	-12.212323
68	-16.768113	1.6494	4.567891	93.103894	23.245114	-4.654151	-0.398525	-0.082721	-11.95095
69	-19.186769	1.398275	4.104861	94.461044	22.779023	-5.055121	-1.552104	0.431883	-11.747053
70	-21.501354	1.126388	3.709779	95.36066	22.409492	-5.236862	-2.750325	0.8933	-11.63508
71	-23.697121	0.844358	3.375868	95.750666	22.143037	-5.198577	-3.926208	1.284515	-11.546471
72	-25.786315	0.56068	3.064245	95.714701	21.961163	-4.984593	-5.029478	1.598621	-11.439522
73	-27.752839	0.308086	2.700788	95.266638	21.858739	-4.558554	-6.035645	1.812268	-11.360154
74	-29.576831	0.116451	2.215071	94.408843	21.826719	-3.875363	-6.893079	1.924364	-11.305992
75	-31.25155	-0.011761	1.594499	93.153713	21.864917	-2.941133	-7.579511	1.954977	-11.216196
76	-32.762705	-0.092884	0.883179	91.478001	21.971848	-1.791292	-8.135883	1.949347	-11.100172
77	-34.134774	-0.156774	0.153306	89.458746	22.105977	-0.509884	-8.632636	1.952955	-10.985172
78	-35.356657	-0.195356	-0.589453	87.111434	22.219087	0.908038	-9.088148	1.973811	-10.820991
79	-36.417295	-0.195194	-1.368757	84.449693	22.310152	2.48563	-9.517305	1.998411	-10.600851
80	-37.326549	-0.18219	-2.188459	81.479591	22.445144	4.205489	-9.945881	2.009987	-10.366675
81	-38.081513	-0.219893	-3.018608	78.153626	22.727204	6.034698	-10.398141	1.991493	-10.12868
82	-38.686744	-0.345141	-3.825969	74.491346	23.175445	7.960021	-10.843701	1.930322	-9.937725
83	-39.103416	-0.581345	-4.595512	70.455241	23.64893	10.003244	-11.234022	1.820922	-9.795839
84	-39.301698	-0.943602	-5.312262	66.04438	23.906944	12.124261	-11.543433	1.664028	-9.619936
85	-39.277823	-1.417569	-5.966149	61.308907	23.824506	14.250776	-11.785008	1.474605	-9.459628
86	-39.004107	-1.932594	-6.555372	56.277407	23.360412	16.361458	-11.953423	1.292068	-9.519444
87	-38.505954	-2.371076	-7.106685	51.050461	22.553686	18.487594	-12.034235	1.112741	-9.822878
88	-37.789083	-2.648503	-7.619283	45.730241	21.360881	20.613867	-12.026947	0.891094	-10.392689
89	-36.884539	-2.753566	-8.02457	40.487216	19.763796	22.597835	-11.944211	0.59562	-11.256445
90	-35.851568	-2.772436	-8.17682	35.546086	17.807068	24.134317	-11.809005	0.211315	-12.344672
91	-34.769887	-2.854122	-7.865036	31.210081	15.606189	24.732015	-11.695157	-0.299662	-13.456312
92	-33.699398	-3.043849	-7.160553	27.482817	13.384641	24.424242	-11.698331	-0.939252	-14.351362
93	-32.635261	-3.28003	-6.254647	24.291689	11.286468	23.47599	-11.869116	-1.682789	-14.881515
94	-31.555848	-3.487841	-5.372604	21.526734	9.403986	22.240233	-12.18597	-2.423461	-14.967929
95	-30.459661	-3.658469	-4.631134	19.117461	7.805668	20.983616	-12.567111	-2.969173	-14.647793
96	-29.383363	-3.849856	-4.030219	17.112437	6.638493	19.965187	-12.907082	-3.084651	-14.180882
97	-28.371187	-4.088164	-3.520235	15.522503	5.895226	19.316705	-13.146754	-2.818871	-13.880607
98	-27.456089	-4.331275	-3.152659	14.414	5.518437	19.082152	-13.230674	-2.314634	-13.794808
99	-26.663487	-4.514459	-3.015224	13.838305	5.403408	19.21408	-13.05999	-1.740341	-13.814016
100	-26.004135	-4.598609	-3.160096	13.819693	5.448024	19.589885	-12.455636	-1.150382	-13.794964
