Time	Hip_Z	Hip_X	Hip_Y	Knee_Z	Knee_X	Knee_Y	Ankle_Z	Ankle_X	Ankle_Y
0	-28.535321	-0.850817	-9.104415	20.391608	4.015426	16.722312	-12.642242	4.584011	-11.49399
1	-27.648481	-1.055955	-9.597066	19.762009	3.783687	17.440327	-9.583625	5.16464	-11.842495
2	-26.918322	-1.308578	-10.110221	19.673447	3.685398	18.309507	-6.263123	5.988382	-12.178963
3	-26.397911	-1.616284	-10.569167	20.260754	3.749936	19.077915	-3.637346	6.936565	-12.482312
4	-26.125561	-1.977743	-10.92388	21.588041	3.992036	19.525109	-2.300341	7.891851	-12.624594
5	-26.102653	-2.39026	-11.157484	23.599563	4.340024	19.532475	-2.277997	8.797231	-12.473798
6	-26.28016	-2.881376	-11.27633	26.12015	4.638629	19.037148	-3.22602	9.624111	-11.924943
7	-26.558144	-3.518596	-11.289185	28.881032	4.751967	17.995948	-4.707071	10.329201	-10.939182
8	-26.802543	-4.366296	-11.202821	31.565701	4.661686	16.460972	-6.377131	10.858949	-9.616625
9	-26.884226	-5.410055	-11.022201	33.900407	4.457545	14.647391	-8.052899	11.192719	-8.173617
10	-26.762642	-6.539001	-10.741043	35.815331	4.24309	12.82444	-9.686285	11.382775	-6.824839
11	-26.448936	-7.628561	-10.351106	37.341707	4.0829	11.205231	-11.261641	11.507547	-5.738357
12	-25.97885	-8.544784	-9.892292	38.535649	4.011121	9.98391	-12.759636	11.642997	-5.034377
13	-25.384268	-9.1575	-9.461649	39.420831	4.035949	9.315734	-14.168765	11.807868	-4.764639
14	-24.664659	-9.378957	-9.174457	39.996201	4.136188	9.244267	-15.495549	11.967479	-4.890648
15	-23.779264	-9.214315	-9.09659	40.268636	4.236576	9.633508	-16.750404	12.087483	-5.248943
16	-22.67216	-8.755598	-9.201118	40.252265	4.214345	10.210201	-17.913626	12.166256	-5.602139
17	-21.34962	-8.168477	-9.381414	39.993446	4.006433	10.699046	-18.971697	12.215727	-5.818414
18	-19.849355	-7.578272	-9.583692	39.51541	3.658316	11.002191	-19.939254	12.220327	-5.930981
19	-18.200765	-7.051776	-9.811711	38.802454	3.261797	11.149796	-20.80271	12.161752	-6.036297
20	-16.428229	-6.612059	-10.073592	37.826972	2.897188	11.208971	-21.522335	12.047117	-6.213409
21	-14.545532	-6.248241	-10.369973	36.571377	2.587149	11.207819	-22.086637	11.888748	-6.454442
22	-12.5511	-5.932144	-10.696331	35.028066	2.313689	11.139101	-22.478435	11.690235	-6.707477
23	-10.443708	-5.639726	-11.021002	33.190229	2.071779	11.01795	-22.615773	11.455645	-6.946535
24	-8.242942	-5.348636	-11.268975	31.053185	1.854512	10.867198	-22.359776	11.178301	-7.175606
25	-6.012535	-5.020815	-11.399643	28.716937	1.626794	10.692174	-21.692449	10.817748	-7.409614
26	-3.822531	-4.624591	-11.420697	26.291096	1.373241	10.517075	-20.635712	10.337491	-7.643314
27	-1.738652	-4.148921	-11.350693	23.884724	1.101483	10.414745	-19.231737	9.781537	-7.898754
28	0.212422	-3.591009	-11.196943	21.580351	0.813047	10.474866	-17.519006	9.238364	-8.244464
29	2.031699	-2.958807	-10.954441	19.442762	0.483154	10.727445	-15.554811	8.770434	-8.720694
30	3.713342	-2.281325	-10.608185	17.525943	0.078798	11.124849	-13.409973	8.403639	-9.313856
31	5.243765	-1.598853	-10.166052	15.861381	-0.409752	11.613125	-11.132911	8.131512	-9.998527
32	6.613668	-0.955642	-9.679244	14.460146	-0.948126	12.173271	-8.742259	7.91276	-10.76352
33	7.843037	-0.386482	-9.203598	13.286856	-1.469139	12.791845	-6.243405	7.696292	-11.588863
34	8.940767	0.080029	-8.760477	12.329243	-1.907036	13.450435	-3.651445	7.440341	-12.441947
35	9.907341	0.426917	-8.341112	11.593985	-2.202623	14.115435	-1.038574	7.103584	-13.277483
36	10.73939	0.644737	-7.928925	11.094442	-2.314488	14.755976	1.522863	6.669275	-14.064192
37	11.438431	0.725645	-7.516718	10.835135	-2.216157	15.361197	4.007879	6.140513	-14.803643
38	12.007997	0.673098	-7.098362	10.821156	-1.89771	15.927259	6.409598	5.517718	-15.504398
39	12.438823	0.509614	-6.660782	11.079939	-1.378376	16.407887	8.707333	4.8077	-16.120372
40	12.723367	0.282212	-6.201335	11.631196	-0.720511	16.740237	10.872671	4.024228	-16.556595
41	12.857725	0.030471	-5.743462	12.493377	0.042312	16.9442	12.87521	3.141263	-16.755139
42	12.830533	-0.226561	-5.326408	13.696555	0.927693	17.103852	14.688885	2.105918	-16.700486
43	12.639128	-0.480548	-5.002131	15.247599	1.959522	17.321938	16.316575	0.896881	-16.408489
44	12.29917	-0.723165	-4.829219	17.124806	3.138188	17.690525	17.793493	-0.444478	-15.909477
45	11.833568	-0.943494	-4.84341	19.303997	4.455339	18.254643	19.142427	-1.835723	-15.245601
46	11.255743	-1.129963	-5.035131	21.787554	5.917943	18.983191	20.297914	-3.20091	-14.493123
47	10.55815	-1.261821	-5.345329	24.638858	7.545129	19.736164	21.064816	-4.469683	-13.765239
48	9.749662	-1.323539	-5.662444	27.866141	9.277924	20.281874	21.323563	-5.561287	-13.14713
49	8.844938	-1.303995	-5.91909	31.45375	11.006148	20.446921	21.043994	-6.359014	-12.680121
50	7.865283	-1.202754	-6.080551	35.354665	12.619417	20.157221	20.278723	-6.744206	-12.391058
51	6.827151	-1.036983	-6.121178	39.500898	14.057368	19.423812	19.147793	-6.656993	-12.280847
52	5.736459	-0.835256	-6.031416	43.812192	15.308611	18.317581	17.786147	-6.174664	-12.306463
53	4.588387	-0.619865	-5.81415	48.208605	16.393477	16.929189	16.297833	-5.515255	-12.414699
54	3.370863	-0.398783	-5.4719	52.620751	17.350936	15.332925	14.783866	-4.889454	-12.591619
55	2.073208	-0.161763	-5.01044	56.988591	18.206488	13.582514	13.35534	-4.400997	-12.859184
56	0.710406	0.118808	-4.474444	61.27023	18.948503	11.755135	12.039507	-4.05448	-13.184287
57	-0.711845	0.475925	-3.895917	65.424217	19.522159	9.913271	10.796933	-3.828721	-13.44981
58	-2.214681	0.918868	-3.273998	69.417636	19.884652	8.087074	9.581873	-3.657329	-13.488987
59	-3.842671	1.416497	-2.603256	73.235049	20.026163	6.271593	8.426224	-3.40991	-13.169763
60	-5.633795	1.916584	-1.916025	76.871255	20.00042	4.470432	7.418648	-2.962452	-12.575076
61	-7.60081	2.36497	-1.275036	80.320652	19.925203	2.710813	6.564959	-2.320981	-12.047011
62	-9.745776	2.691305	-0.739932	83.557254	19.860929	1.028489	5.764034	-1.56869	-11.812206
63	-12.041941	2.828958	-0.343736	86.535178	19.753779	-0.515723	4.917799	-0.737249	-11.728516
64	-14.42314	2.776265	-0.115337	89.210544	19.576398	-1.826477	4.015849	0.180956	-11.603535
65	-16.814555	2.586709	-0.094114	91.53274	19.374106	-2.796434	3.088502	1.173478	-11.358834
66	-19.153283	2.35043	-0.275448	93.461726	19.205928	-3.36405	2.155409	2.203466	-10.965137
67	-21.408458	2.162993	-0.606568	94.972169	19.099662	-3.527546	1.233949	3.226474	-10.429758
68	-23.565315	2.104255	-1.054357	96.05735	19.076406	-3.312228	0.343427	4.17926	-9.841658
69	-25.605704	2.210154	-1.611926	96.720935	19.167923	-2.762461	-0.54591	4.980849	-9.355799
70	-27.51227	2.448727	-2.229445	96.938678	19.398308	-1.952343	-1.516593	5.565522	-9.097168
71	-29.300189	2.714732	-2.810105	96.753688	19.751909	-1.020391	-2.586928	5.960887	-9.065784
72	-30.981203	2.926676	-3.291846	96.197049	20.213507	-0.067192	-3.683	6.200181	-9.235103
73	-32.570173	3.042613	-3.661769	95.28498	20.766137	0.865676	-4.693711	6.298199	-9.557004
74	-34.086134	3.054265	-3.952374	94.033068	21.367407	1.803945	-5.538156	6.276011	-9.936495
75	-35.534521	2.976747	-4.212965	92.454029	21.954506	2.81243	-6.205771	6.163814	-10.253579
76	-36.896741	2.837793	-4.488724	90.556291	22.500802	3.95122	-6.735688	5.99473	-10.442175
77	-38.135678	2.670369	-4.814323	88.340554	23.030771	5.262652	-7.166597	5.799153	-10.534489
78	-39.1982	2.511133	-5.218961	85.777448	23.57031	6.79679	-7.541068	5.590428	-10.62822
79	-40.081117	2.388609	-5.722181	82.903009	24.112295	8.558095	-7.92739	5.370422	-10.803002
80	-40.784218	2.320789	-6.362521	79.723718	24.649496	10.567038	-8.358838	5.136719	-11.056677
81	-41.312816	2.318624	-7.166961	76.239324	25.163937	12.840354	-8.797688	4.896755	-11.297052
82	-41.680161	2.368283	-8.099562	72.467331	25.595603	15.335224	-9.155717	4.689609	-11.393098
83	-41.904575	2.421213	-9.058352	68.46243	25.874943	17.926615	-9.41738	4.546691	-11.281628
84	-41.996795	2.439627	-9.96475	64.297021	25.94137	20.49068	-9.659104	4.447861	-10.995815
85	-41.945099	2.436021	-10.822973	60.036941	25.700591	22.955833	-9.933304	4.359652	-10.621819
86	-41.726714	2.450611	-11.665593	55.753924	25.067662	25.267161	-10.250418	4.268643	-10.258857
87	-41.341813	2.494383	-12.466611	51.530941	24.065985	27.350492	-10.621845	4.191758	-9.945495
88	-40.801259	2.540409	-13.142878	47.459301	22.740033	29.072102	-11.048558	4.167877	-9.70232
89	-40.132131	2.545558	-13.605347	43.622091	21.136781	30.277537	-11.506854	4.219141	-9.583194
90	-39.366809	2.472774	-13.795126	40.072164	19.31363	30.847526	-11.960421	4.323201	-9.636798
91	-38.533102	2.299715	-13.687772	36.825736	17.336333	30.724788	-12.380496	4.428335	-9.840489
92	-37.65116	2.025519	-13.295662	33.871169	15.260503	29.92314	-12.764363	4.488803	-10.109778
93	-36.733936	1.671493	-12.668145	31.211814	13.14136	28.489328	-13.14483	4.467219	-10.343218
94	-35.79575	1.288994	-11.934306	28.822	11.062311	26.605606	-13.562788	4.354352	-10.47434
95	-34.846995	0.924466	-11.219235	26.663378	9.112554	24.490925	-14.00964	4.175377	-10.539426
96	-33.894889	0.60164	-10.598366	24.699883	7.376043	22.376104	-14.412441	3.971691	-10.674998
97	-32.945669	0.324492	-10.109548	22.912224	5.919612	20.506294	-14.643935	3.783288	-10.995186
98	-32.002401	0.090206	-9.791495	21.301903	4.779411	19.126472	-14.515018	3.647171	-11.501475
99	-31.065485	-0.113871	-9.678946	19.889864	3.947459	18.411552	-13.731054	3.616015	-12.138879
100	-30.142197	-0.31459	-9.7727	18.723407	3.372644	18.385702	-11.93336	3.775513	-12.82072
