Time	Hip_Z	Hip_X	Hip_Y	Knee_Z	Knee_X	Knee_Y	Ankle_Z	Ankle_X	Ankle_Y
0	-21.166036	-6.49667	0.0259	6.802344	3.663828	15.556419	-11.185422	-7.543953	-12.640773
1	-21.173824	-6.413021	-1.475361	8.712402	4.513435	16.649715	-10.8919	-7.105092	-12.734257
2	-21.145371	-6.357085	-2.949791	10.74317	5.381598	17.641882	-10.035609	-6.424649	-12.838456
3	-21.061848	-6.34966	-4.190818	12.789267	6.132734	18.253066	-8.64175	-5.512135	-12.725239
4	-20.910114	-6.392789	-5.032511	14.76962	6.610043	18.272467	-6.855051	-4.322977	-12.204609
5	-20.696548	-6.467849	-5.429037	16.659838	6.680723	17.612489	-4.961335	-2.761951	-11.159116
6	-20.473784	-6.549088	-5.497861	18.541486	6.321977	16.399346	-3.431568	-0.787671	-9.617462
7	-20.353824	-6.618818	-5.477331	20.602857	5.687493	15.016645	-2.765913	1.45844	-7.803923
8	-20.46817	-6.686262	-5.595036	23.019695	5.098645	13.990766	-3.186653	3.606303	-6.116865
9	-20.884982	-6.793013	-5.960432	25.777286	4.929708	13.736235	-4.501934	5.212924	-5.01526
10	-21.458671	-6.974615	-6.499309	28.567398	5.195921	14.037005	-6.194827	6.165479	-4.488289
11	-21.942699	-7.255317	-7.060005	31.094756	5.573259	14.330909	-7.953618	6.600925	-4.110505
12	-22.158729	-7.654702	-7.481468	33.239548	5.80221	14.250098	-9.690696	6.674024	-3.597517
13	-22.064033	-8.148019	-7.623725	35.019585	5.848902	13.752041	-11.398051	6.532602	-2.979425
14	-21.700643	-8.652524	-7.422523	36.478304	5.803848	12.985255	-13.062497	6.316051	-2.403304
15	-21.11685	-9.059871	-6.931767	37.619946	5.724549	12.141064	-14.654054	6.100625	-1.923984
16	-20.336427	-9.276463	-6.297357	38.423074	5.599387	11.401036	-16.127198	5.891306	-1.523036
17	-19.361891	-9.241576	-5.694298	38.865163	5.415542	10.95372	-17.424277	5.711025	-1.256792
18	-18.201468	-8.950086	-5.284904	38.94568	5.174578	10.943823	-18.544264	5.587199	-1.247204
19	-16.890201	-8.478041	-5.139154	38.708968	4.879302	11.336908	-19.531793	5.498168	-1.487349
20	-15.451503	-7.924059	-5.2423	38.17838	4.537121	11.990245	-20.39068	5.414518	-1.834567
21	-13.904878	-7.393005	-5.500452	37.37356	4.180205	12.705308	-21.110288	5.282059	-2.12535
22	-12.267591	-6.959474	-5.772878	36.323972	3.845231	13.281241	-21.679653	5.030279	-2.308257
23	-10.55414	-6.646384	-5.922097	35.071378	3.549685	13.560597	-22.085624	4.613474	-2.430983
24	-8.771931	-6.426135	-5.876341	33.644159	3.325705	13.533078	-22.293962	4.012756	-2.593899
25	-6.921293	-6.242501	-5.644122	32.059601	3.218152	13.329862	-22.246723	3.241715	-2.901329
26	-5.00655	-6.032016	-5.248481	30.34417	3.225501	13.075089	-21.853656	2.375174	-3.40889
27	-3.066085	-5.757284	-4.730637	28.55983	3.272863	12.821173	-21.126087	1.515381	-4.095367
28	-1.139461	-5.40481	-4.116246	26.743246	3.318497	12.597608	-20.090736	0.694869	-4.941702
29	0.73687	-4.976343	-3.432746	24.92209	3.351358	12.447165	-18.778909	-0.087089	-5.859883
30	2.535241	-4.485869	-2.710342	23.117254	3.372914	12.419712	-17.199031	-0.83785	-6.739387
31	4.243549	-3.952652	-1.983192	21.341107	3.387466	12.572385	-15.340492	-1.566162	-7.553134
32	5.862654	-3.39055	-1.278199	19.607232	3.39729	12.94634	-13.18361	-2.302327	-8.390868
33	7.397301	-2.809142	-0.611561	17.941132	3.404594	13.525745	-10.734015	-3.095439	-9.406884
34	8.842952	-2.224005	0.004277	16.382637	3.418467	14.242341	-8.052188	-3.941323	-10.694213
35	10.190965	-1.666157	0.570572	14.948212	3.445697	14.993192	-5.222437	-4.762226	-12.110284
36	11.425752	-1.177314	1.096465	13.642905	3.490178	15.677876	-2.276197	-5.508688	-13.423532
37	12.527892	-0.79977	1.594385	12.497821	3.570297	16.188495	0.729737	-6.159862	-14.483829
38	13.475641	-0.559103	2.075423	11.57929	3.713895	16.425455	3.680501	-6.683721	-15.239007
39	14.249244	-0.453338	2.533186	10.975312	3.936237	16.33499	6.422894	-7.036649	-15.687212
40	14.838616	-0.457023	2.937828	10.775608	4.227554	15.925199	8.785315	-7.208117	-15.8355
41	15.239463	-0.536567	3.255804	11.056253	4.571513	15.26593	10.636103	-7.2598	-15.692998
42	15.439101	-0.669103	3.461085	11.881753	4.974667	14.491703	11.953891	-7.304833	-15.270263
43	15.423236	-0.852708	3.523563	13.274268	5.47307	13.79944	12.871785	-7.435502	-14.595266
44	15.204589	-1.09339	3.415179	15.168334	6.098255	13.346738	13.56636	-7.639542	-13.757827
45	14.795652	-1.392011	3.110421	17.522984	6.861257	13.195868	14.06634	-7.828661	-12.879334
46	14.220119	-1.731457	2.616687	20.302766	7.735604	13.30529	14.261551	-7.896127	-12.101801
47	13.509434	-2.076515	1.983962	23.470839	8.666915	13.56522	14.007969	-7.764033	-11.526107
48	12.695395	-2.376454	1.317255	26.977782	9.607525	13.83524	13.292257	-7.391729	-11.183684
49	11.802	-2.575855	0.761094	30.761163	10.548117	13.982141	12.27297	-6.784337	-11.05805
50	10.849958	-2.636702	0.421491	34.742946	11.497884	13.928998	11.154465	-6.016331	-11.090118
51	9.859025	-2.536739	0.339252	38.842875	12.434117	13.629502	10.078441	-5.23556	-11.165652
52	8.841653	-2.300783	0.475686	42.983011	13.306873	13.079013	9.109102	-4.585219	-11.167534
53	7.782896	-1.942979	0.833937	47.128187	14.084322	12.246053	8.295972	-4.12436	-11.067202
54	6.652402	-1.485691	1.41339	51.253592	14.764573	11.121377	7.671322	-3.825959	-10.900819
55	5.415714	-0.95689	2.179584	55.335968	15.348125	9.732543	7.19202	-3.623879	-10.696719
56	4.04766	-0.377751	3.061698	59.350645	15.820356	8.151639	6.725824	-3.473227	-10.443121
57	2.542614	0.237743	3.966113	63.266753	16.160521	6.491312	6.161146	-3.330315	-10.13859
58	0.911295	0.875941	4.796185	67.045982	16.349636	4.87902	5.493377	-3.127144	-9.816696
59	-0.837969	1.520216	5.452706	70.636017	16.365543	3.445721	4.763103	-2.80842	-9.514886
60	-2.681611	2.149549	5.865705	74.006447	16.224377	2.278601	3.991468	-2.367365	-9.272525
61	-4.590073	2.745902	6.010482	77.139092	15.966075	1.400121	3.17491	-1.810849	-9.128764
62	-6.54747	3.296332	5.915778	80.019949	15.625897	0.778991	2.298823	-1.167562	-9.086008
63	-8.564523	3.793511	5.651095	82.642349	15.214361	0.355648	1.363401	-0.502743	-9.096708
64	-10.665058	4.233646	5.282715	84.998136	14.724353	0.083856	0.409919	0.102745	-9.08567
65	-12.853107	4.618562	4.844701	87.067496	14.157854	-0.042325	-0.510827	0.596917	-8.987666
66	-15.093966	4.961005	4.343291	88.816408	13.536582	0.005633	-1.391766	0.97253	-8.782594
67	-17.329226	5.273944	3.791116	90.192843	12.908472	0.247808	-2.274506	1.229408	-8.504935
68	-19.503962	5.549276	3.242688	91.1473	12.35288	0.645145	-3.185443	1.377344	-8.240897
69	-21.58683	5.761203	2.761362	91.685765	11.925995	1.117373	-4.055819	1.459132	-8.063421
70	-23.554839	5.875982	2.378416	91.806448	11.648812	1.606953	-4.796349	1.498404	-7.985436
71	-25.390418	5.863502	2.083666	91.513598	11.524903	2.082236	-5.386301	1.490745	-7.985064
72	-27.08028	5.701391	1.839676	90.813135	11.556116	2.53813	-5.860364	1.42544	-8.046614
73	-28.621604	5.375077	1.603278	89.718551	11.745781	2.985389	-6.266139	1.303098	-8.166753
74	-30.018407	4.885995	1.330041	88.246437	12.100996	3.449907	-6.631362	1.129532	-8.360863
75	-31.268498	4.263488	0.974424	86.404116	12.621193	3.979411	-6.948227	0.903835	-8.65452
76	-32.347557	3.555674	0.501633	84.158844	13.271061	4.639122	-7.209885	0.627599	-9.023541
77	-33.263469	2.824034	-0.048329	81.559753	13.929996	5.428476	-7.455262	0.333592	-9.356659
78	-34.010044	2.114265	-0.635819	78.62055	14.492583	6.337175	-7.713823	0.041786	-9.571714
79	-34.58313	1.470846	-1.262605	75.344781	14.910388	7.380944	-7.986233	-0.245838	-9.671005
80	-34.985588	0.92066	-1.960398	71.734253	15.19023	8.589715	-8.250218	-0.533012	-9.70524
81	-35.220937	0.46578	-2.759755	67.791456	15.36567	9.982929	-8.475438	-0.831155	-9.701665
82	-35.281782	0.091062	-3.664121	63.514782	15.459652	11.555808	-8.627273	-1.157452	-9.692784
83	-35.146989	-0.224429	-4.645196	58.903793	15.451344	13.278095	-8.692749	-1.525799	-9.763307
84	-34.778788	-0.486095	-5.690088	53.948875	15.273324	15.130605	-8.689031	-1.939209	-9.943163
85	-34.175381	-0.674127	-6.820364	48.683426	14.880521	17.10836	-8.636742	-2.374141	-10.126716
86	-33.359531	-0.76827	-8.027841	43.163552	14.260415	19.17481	-8.54748	-2.818069	-10.298005
87	-32.373883	-0.803327	-9.195449	37.498205	13.412159	21.170298	-8.441035	-3.293392	-10.515004
88	-31.279024	-0.875464	-10.101284	31.857684	12.361879	22.829574	-8.355454	-3.842989	-10.806045
89	-30.130721	-1.071123	-10.526558	26.421243	11.169125	23.946206	-8.339632	-4.515427	-11.212877
90	-28.969675	-1.416134	-10.352447	21.339755	9.91165	24.480278	-8.428188	-5.353139	-11.804963
91	-27.830697	-1.900639	-9.554852	16.739318	8.651568	24.470899	-8.617004	-6.353156	-12.621524
92	-26.748007	-2.520309	-8.134226	12.746527	7.405467	23.873153	-8.849443	-7.410393	-13.638291
93	-25.742175	-3.254123	-6.15948	9.444953	6.159645	22.582763	-9.03543	-8.314066	-14.683973
94	-24.814288	-4.022235	-3.879278	6.787398	4.927934	20.680097	-9.121523	-8.886355	-15.421211
95	-23.986827	-4.722472	-1.621831	4.747174	3.781035	18.417331	-9.109184	-9.055624	-15.581528
96	-23.308661	-5.267858	0.25002	3.320643	2.83923	16.206344	-9.057518	-8.919215	-15.197867
97	-22.82813	-5.621883	1.462623	2.533563	2.22132	14.462088	-9.041651	-8.689194	-14.534011
98	-22.55728	-5.799249	1.928834	2.415269	1.97316	13.432603	-9.082984	-8.525172	-13.843986
99	-22.4638	-5.8448	1.725864	2.957228	2.065789	13.149502	-9.102467	-8.424925	-13.278849
100	-22.491749	-5.810018	0.989707	4.094384	2.448739	13.501422	-8.907994	-8.266528	-12.886087
