Time	Hip_Z	Hip_X	Hip_Y	Knee_Z	Knee_X	Knee_Y	Ankle_Z	Ankle_X	Ankle_Y
0	-22.808857	-0.346524	-0.9507	12.093789	3.232651	21.244001	6.210046	-11.334194	-15.932638
1	-23.635512	0.631444	-1.061879	11.827471	2.887768	21.858152	6.715806	-12.29527	-15.975281
2	-28.462204	4.863484	-2.448692	14.209616	2.454884	22.734093	7.121529	-12.658061	-16.006636
3	-58.109339	20.661781	3.894633	23.442817	0.173768	23.635862	7.459192	-12.582397	-16.104632
4	-64.814491	39.787408	49.756534	37.729728	-7.122951	24.205625	7.682671	-12.172583	-16.325821
5	160.072192	19.856335	73.491104	42.426046	-9.180873	24.698051	7.62783	-11.290064	-16.75143
6	146.464522	13.877679	72.157229	53.487876	-8.716223	23.555239	7.051895	-9.561222	-17.466862
7	137.840202	12.54428	68.743993	63.959503	-8.118163	21.507376	5.804741	-6.701973	-18.341527
8	133.395251	12.673832	66.592938	70.83699	-8.226615	19.743557	3.959173	-2.930404	-18.844478
9	132.204672	12.828411	65.953102	74.3771	-9.304918	18.70705	1.703678	1.072797	-18.316558
10	133.712415	12.722879	66.60443	74.949364	-11.166909	18.301604	-0.753897	4.678095	-16.511059
11	138.623559	12.73002	68.790867	71.761493	-13.294304	18.364835	-3.145391	7.642319	-13.834317
12	147.884699	14.476504	72.212218	64.366434	-14.758561	18.411909	-5.236523	9.990825	-11.077261
13	162.223229	21.685332	73.090174	56.262052	-14.839118	17.876753	-7.016069	11.808873	-8.854913
14	-77.715186	46.2099	37.493942	55.324513	-11.981734	16.967873	-8.668767	13.166254	-7.289719
15	-39.065479	13.459156	-9.00537	41.121339	-0.776531	16.094866	-10.370902	14.094518	-6.199852
16	-17.930492	-1.688078	-9.525495	35.129097	2.031519	15.75252	-12.180299	14.583121	-5.408616
17	-14.022909	-5.141955	-8.089809	35.01857	2.272442	15.847777	-14.061618	14.640502	-4.818273
18	-12.853205	-5.950268	-8.074448	36.429377	1.907427	16.046306	-15.912937	14.374784	-4.366347
19	-12.264257	-5.949983	-8.320599	38.066901	1.232514	16.166222	-17.599723	13.967419	-4.051397
20	-11.658366	-5.638327	-8.39208	39.519152	0.418309	16.144459	-19.027839	13.581548	-3.91026
21	-10.830611	-5.239948	-8.136245	40.624477	-0.383584	15.968286	-20.208887	13.314478	-3.946184
22	-9.728126	-4.873512	-7.563928	41.317144	-1.081955	15.638065	-21.22109	13.163482	-4.129462
23	-8.369065	-4.598714	-6.795133	41.57131	-1.640717	15.171782	-22.113578	13.081296	-4.408995
24	-6.812323	-4.437806	-6.002042	41.402519	-2.036714	14.61256	-22.886534	13.02363	-4.723945
25	-5.134658	-4.387862	-5.339427	40.871848	-2.245263	14.011983	-23.523836	12.943044	-5.041333
26	-3.402502	-4.432439	-4.893189	40.047543	-2.254091	13.414332	-24.000918	12.792425	-5.380679
27	-1.656677	-4.556952	-4.674175	38.978543	-2.081646	12.833519	-24.290218	12.538294	-5.766007
28	0.085279	-4.740175	-4.647803	37.710858	-1.771469	12.257139	-24.377942	12.16093	-6.180466
29	1.81911	-4.927741	-4.755977	36.294024	-1.368414	11.684121	-24.264911	11.648399	-6.605815
30	3.546253	-5.041004	-4.916485	34.769549	-0.911524	11.1294	-23.949015	10.999037	-7.06192
31	5.271376	-5.015298	-5.032567	33.168893	-0.439367	10.60665	-23.41186	10.22954	-7.589445
32	6.995182	-4.827466	-5.032568	31.513892	0.018009	10.128384	-22.632798	9.361579	-8.209396
33	8.707126	-4.501607	-4.906018	29.814883	0.460205	9.725287	-21.609643	8.393786	-8.909561
34	10.387712	-4.08421	-4.680353	28.07414	0.911309	9.465615	-20.343552	7.30523	-9.673488
35	12.024204	-3.618	-4.387567	26.295079	1.38189	9.413146	-18.825252	6.079166	-10.493302
36	13.613626	-3.125857	-4.052576	24.494773	1.852543	9.582963	-17.012353	4.685025	-11.36351
37	15.144337	-2.61804	-3.687174	22.726188	2.286877	9.933491	-14.891133	3.143792	-12.259903
38	16.58678	-2.099001	-3.28489	21.067185	2.651234	10.392007	-12.531832	1.607457	-13.12639
39	17.907323	-1.58185	-2.842763	19.584003	2.936207	10.898253	-10.035849	0.260137	-13.901905
40	19.090354	-1.092765	-2.373698	18.320214	3.161595	11.414807	-7.463408	-0.836762	-14.562181
41	20.139408	-0.654648	-1.891879	17.309261	3.357431	11.911783	-4.837941	-1.735375	-15.121786
42	21.052664	-0.278927	-1.404193	16.585465	3.551387	12.364145	-2.205465	-2.50876	-15.590109
43	21.80971	0.02743	-0.920199	16.186125	3.774503	12.768047	0.339487	-3.224783	-15.951302
44	22.3833	0.254872	-0.463361	16.143628	4.06277	13.15331	2.697148	-3.950719	-16.189707
45	22.75176	0.392693	-0.06547	16.476192	4.452254	13.57286	4.814474	-4.75543	-16.292266
46	22.899812	0.441828	0.254164	17.188319	4.976889	14.077605	6.72017	-5.708878	-16.223767
47	22.816674	0.423416	0.499657	18.274919	5.668703	14.705746	8.534466	-6.836382	-15.938343
48	22.497698	0.370115	0.691782	19.72845	6.552006	15.471934	10.394122	-8.045705	-15.425627
49	21.94697	0.31462	0.863357	21.557025	7.62307	16.321241	12.337445	-9.111332	-14.73166
50	21.181146	0.28698	1.058828	23.792503	8.833069	17.106116	14.246109	-9.765965	-13.948339
51	20.225078	0.316011	1.332047	26.490205	10.096966	17.628086	15.845216	-9.809265	-13.20053
52	19.129138	0.413367	1.729301	29.620708	11.324597	17.779024	16.903369	-9.277821	-12.590152
53	17.901109	0.570931	2.327443	33.135388	12.447604	17.517735	17.330855	-8.301862	-12.145419
54	16.443134	0.71661	3.309247	36.972435	13.412529	16.841682	17.182542	-7.075255	-11.829367
55	14.391112	0.578592	5.124966	41.112981	14.223475	15.789788	16.600529	-5.800847	-11.604129
56	10.686298	-0.669432	8.846064	45.714119	14.973373	14.42647	15.761529	-4.642691	-11.47125
57	2.264894	-5.475108	16.431015	51.529325	15.868452	12.711486	14.821353	-3.703601	-11.432861
58	-19.01868	-19.396047	26.120217	60.897249	17.650002	10.243351	13.870058	-3.029234	-11.427833
59	-56.572864	-37.974357	24.984361	74.278852	19.868321	6.882933	12.93535	-2.616727	-11.342238
60	-84.855354	-46.806062	17.49381	85.044612	20.257251	4.112735	12.038999	-2.399963	-11.089756
61	-80.088416	-45.783173	21.228248	87.376734	19.434612	3.33586	11.227506	-2.264283	-10.669661
62	-46.31841	-31.53474	31.935564	82.040553	17.193488	4.174969	10.535877	-2.116678	-10.171398
63	-15.803968	-10.33018	27.93227	76.372222	14.604834	5.054019	9.957688	-1.928479	-9.73659
64	-3.036138	1.195913	17.69986	75.41041	13.36567	5.271903	9.437241	-1.718873	-9.462189
65	0.223973	5.453898	11.714992	77.124598	12.580227	5.274608	8.855188	-1.502867	-9.297497
66	0.064572	7.308963	9.050059	79.633594	11.828772	5.335182	8.09109	-1.221736	-9.086165
67	-1.396426	8.370641	7.743831	82.29907	11.138178	5.477857	7.140669	-0.771899	-8.735181
68	-3.404445	9.088871	6.872001	84.876874	10.508274	5.662162	6.121698	-0.146744	-8.296539
69	-5.663394	9.607565	6.111804	87.264323	9.880226	5.855784	5.153362	0.569852	-7.866668
70	-8.05167	9.997478	5.415561	89.397794	9.253537	6.046353	4.29088	1.332209	-7.495661
71	-10.487193	10.307577	4.799753	91.219787	8.721004	6.238564	3.559596	2.116294	-7.218118
72	-12.91981	10.565584	4.26763	92.692575	8.377758	6.435755	2.964323	2.868796	-7.072223
73	-15.334954	10.787353	3.830894	93.803534	8.242642	6.622274	2.44598	3.505518	-7.075404
74	-17.719592	10.976751	3.509887	94.541778	8.293941	6.789577	1.904978	3.962993	-7.204741
75	-20.041718	11.130769	3.285443	94.88976	8.522762	6.968335	1.272201	4.23822	-7.39785
76	-22.264119	11.251355	3.103132	94.8317	8.926139	7.212504	0.540428	4.367797	-7.588131
77	-24.358302	11.336762	2.945801	94.358456	9.480911	7.547868	-0.213424	4.408847	-7.755865
78	-26.30656	11.363383	2.861291	93.469441	10.140388	7.951986	-0.850635	4.428878	-7.924124
79	-28.095213	11.295235	2.88249	92.168117	10.856623	8.404887	-1.258291	4.477145	-8.105262
80	-29.711043	11.112179	2.967214	90.458358	11.59096	8.931743	-1.41696	4.571252	-8.287154
81	-31.147366	10.819515	3.042243	88.354097	12.304	9.572567	-1.397662	4.701663	-8.458062
82	-32.407714	10.432749	3.059758	85.881427	12.968288	10.337522	-1.288853	4.851612	-8.607061
83	-33.49953	9.961429	3.003807	83.060957	13.572979	11.206922	-1.144148	5.002525	-8.685635
84	-34.418288	9.407435	2.867718	79.891436	14.086917	12.155868	-1.029276	5.105182	-8.602505
85	-35.164806	8.781292	2.642326	76.396368	14.486362	13.160257	-1.026631	5.088083	-8.398837
86	-35.747615	8.109554	2.305436	72.606287	14.783416	14.218065	-1.126413	4.908121	-8.280492
87	-36.164131	7.439059	1.822544	68.535089	14.959521	15.359	-1.209455	4.587857	-8.400216
88	-36.374156	6.815453	1.163477	64.171926	14.948066	16.621912	-1.133088	4.194406	-8.800869
89	-36.308316	6.257466	0.322581	59.498408	14.685932	18.017531	-0.828866	3.758204	-9.472057
90	-35.91697	5.774942	-0.681958	54.532799	14.124292	19.510599	-0.345018	3.255903	-10.278054
91	-35.210055	5.393978	-1.817386	49.355039	13.236857	21.021408	0.216246	2.672449	-11.005629
92	-34.246996	5.120879	-3.013199	44.090932	12.052235	22.416545	0.787539	2.017207	-11.558955
93	-33.105085	4.898568	-4.116578	38.889392	10.650694	23.50869	1.34642	1.285985	-11.996295
94	-31.867948	4.638844	-4.910566	33.906761	9.139342	24.130963	1.885238	0.441102	-12.424041
95	-30.617457	4.283869	-5.222607	29.277414	7.646926	24.256802	2.395397	-0.580267	-12.891532
96	-29.419041	3.818454	-5.000192	25.096057	6.30847	24.02612	2.867336	-1.826806	-13.361766
97	-28.31617	3.253594	-4.29528	21.436772	5.22739	23.660236	3.311765	-3.267461	-13.787298
98	-27.332647	2.634553	-3.256955	18.369935	4.453437	23.400008	3.769509	-4.752667	-14.158754
99	-26.478035	2.052061	-2.129648	15.948209	3.978839	23.469921	4.26763	-6.075301	-14.468159
100	-25.770863	1.623808	-1.171049	14.197892	3.73886	23.978799	4.793818	-7.069794	-14.676096
