Time	Hip_Z	Hip_X	Hip_Y	Knee_Z	Knee_X	Knee_Y	Ankle_Z	Ankle_X	Ankle_Y
0	-17.468738	-0.225044	-6.903055	14.927307	7.461041	30.868269	7.631491	-4.796933	-7.951508
1	-16.445226	-0.555941	-7.146584	13.502339	7.103974	31.770027	7.953899	-4.84574	-8.388616
2	-15.481175	-0.894694	-7.439928	12.479812	6.792956	32.54865	8.294493	-4.892927	-8.515229
3	-14.570557	-1.218027	-7.760973	11.847083	6.538537	33.200687	8.661616	-4.961835	-8.413511
4	-13.708128	-1.510178	-8.089966	11.591419	6.372336	33.727739	8.993882	-4.986313	-8.219333
5	-12.891639	-1.771951	-8.385996	11.721762	6.313223	34.044514	9.118151	-4.770641	-7.987
6	-12.12501	-2.015839	-8.601526	12.291351	6.334714	33.973006	8.703646	-4.048488	-7.638024
7	-11.425316	-2.255224	-8.715177	13.378698	6.374075	33.335256	7.333884	-2.731134	-6.969917
8	-10.818239	-2.499167	-8.744892	14.984205	6.39903	32.13499	4.831921	-1.100335	-5.791561
9	-10.312385	-2.756071	-8.723875	16.920823	6.485354	30.716873	1.55407	0.426196	-4.267925
10	-9.878448	-3.040122	-8.656296	18.876097	6.768421	29.559433	-1.789838	1.68698	-2.911063
11	-9.463807	-3.374742	-8.520293	20.624069	7.270417	28.795996	-4.641089	2.733438	-1.993581
12	-9.029706	-3.783998	-8.341747	22.144059	7.882026	28.214634	-6.86693	3.542455	-1.352169
13	-8.571764	-4.26633	-8.224658	23.562532	8.501017	27.668524	-8.636609	4.014946	-0.779375
14	-8.106909	-4.771938	-8.258471	25.040525	9.019587	27.134478	-10.181102	4.143913	-0.177957
15	-7.643618	-5.213914	-8.432477	26.664145	9.276598	26.569612	-11.65928	4.031405	0.513926
16	-7.162468	-5.509855	-8.684138	28.358847	9.189176	26.004142	-13.127778	3.788202	1.241008
17	-6.616633	-5.6219	-8.968661	29.919126	8.858152	25.608974	-14.558348	3.479667	1.793961
18	-5.937305	-5.56969	-9.236974	31.139082	8.469899	25.525461	-15.880426	3.144587	1.979599
19	-5.039718	-5.411879	-9.416228	31.901643	8.145693	25.725934	-17.023491	2.817395	1.768203
20	-3.850727	-5.212316	-9.455579	32.17848	7.909632	26.072783	-17.93692	2.518413	1.262271
21	-2.353452	-5.017592	-9.358487	31.997377	7.740001	26.43391	-18.588307	2.241074	0.593598
22	-0.606541	-4.854752	-9.167062	31.41433	7.603322	26.728505	-18.952192	1.961763	-0.123848
23	1.280478	-4.736743	-8.938792	30.496826	7.476377	26.93243	-19.010096	1.64657	-0.811718
24	3.192256	-4.666072	-8.725892	29.315254	7.374864	27.075911	-18.761732	1.243278	-1.461152
25	5.047005	-4.633504	-8.55203	27.936114	7.329896	27.197562	-18.218469	0.700492	-2.106706
26	6.814817	-4.613103	-8.405476	26.413642	7.341208	27.306176	-17.384115	0.00937	-2.767624
27	8.508676	-4.563485	-8.255251	24.785938	7.377892	27.405777	-16.254211	-0.792152	-3.450122
28	10.158195	-4.441285	-8.0708	23.081889	7.38973	27.497302	-14.827806	-1.651809	-4.144942
29	11.782424	-4.213701	-7.827992	21.326525	7.322987	27.560665	-13.107988	-2.523829	-4.828564
30	13.370342	-3.861481	-7.514782	19.538734	7.157769	27.596082	-11.09353	-3.372212	-5.523122
31	14.876784	-3.386028	-7.147164	17.740114	6.91534	27.648316	-8.784673	-4.178473	-6.308615
32	16.240374	-2.813451	-6.75856	15.971708	6.627087	27.746957	-6.205637	-4.942992	-7.246128
33	17.413509	-2.180489	-6.365148	14.288067	6.312396	27.853841	-3.415228	-5.665601	-8.283525
34	18.377677	-1.529012	-5.970698	12.736589	5.985344	27.899443	-0.493707	-6.335954	-9.233331
35	19.151823	-0.915392	-5.598089	11.342132	5.66501	27.850267	2.478359	-6.940662	-9.91128
36	19.770286	-0.395022	-5.281081	10.124032	5.36787	27.704491	5.442407	-7.453453	-10.266956
37	20.2634	-0.004343	-5.045094	9.119277	5.113814	27.467825	8.329326	-7.848305	-10.345962
38	20.650292	0.235196	-4.914211	8.385233	4.939101	27.15946	11.026683	-8.146792	-10.21663
39	20.939433	0.304226	-4.918843	7.986016	4.8905	26.817839	13.401871	-8.426584	-9.911522
40	21.12766	0.182513	-5.091534	7.979259	5.017081	26.517626	15.348688	-8.761212	-9.446862
41	21.200812	-0.136623	-5.452551	8.41243	5.359997	26.361215	16.802195	-9.145508	-8.924618
42	21.144312	-0.621909	-5.984083	9.327364	5.926433	26.398751	17.721833	-9.480623	-8.534196
43	20.951876	-1.210453	-6.632504	10.757037	6.684564	26.581975	18.103355	-9.65145	-8.408192
44	20.620949	-1.841423	-7.335609	12.709053	7.592799	26.8087	18.039015	-9.62974	-8.512666
45	20.148468	-2.466882	-8.024923	15.155504	8.617395	26.96806	17.719558	-9.498792	-8.684703
46	19.537639	-3.042095	-8.619898	18.038641	9.732669	26.972719	17.331386	-9.383831	-8.774326
47	18.802295	-3.523025	-9.039337	21.283974	10.930978	26.790123	16.966691	-9.358291	-8.754839
48	17.963088	-3.872778	-9.216709	24.813943	12.224743	26.422049	16.626399	-9.406999	-8.692155
49	17.043108	-4.068611	-9.112474	28.560027	13.622361	25.852937	16.277294	-9.465433	-8.635923
50	16.060882	-4.10184	-8.715157	32.47231	15.112909	25.038063	15.905551	-9.479248	-8.575681
51	15.020702	-3.973425	-8.029741	36.523222	16.679131	23.929397	15.531251	-9.424924	-8.481586
52	13.910959	-3.694917	-7.070681	40.702354	18.306548	22.490537	15.187568	-9.289971	-8.343077
53	12.714353	-3.295852	-5.875229	45.00042	19.976325	20.71096	14.903269	-9.047864	-8.176614
54	11.422808	-2.82359	-4.526703	49.390615	21.654529	18.638596	14.705403	-8.648378	-8.024685
55	10.044457	-2.32455	-3.14737	53.828339	23.285295	16.380864	14.60581	-8.052397	-7.928859
56	8.595603	-1.825386	-1.857408	58.271057	24.802822	14.058785	14.546542	-7.321805	-7.890435
57	7.090559	-1.335281	-0.755987	62.689971	26.149965	11.776934	14.401082	-6.630253	-7.893682
58	5.541002	-0.855097	0.063879	67.060272	27.279769	9.633261	14.086888	-6.118121	-7.968987
59	3.95852	-0.3733	0.516566	71.352412	28.146763	7.722149	13.625218	-5.793985	-8.179278
60	2.356228	0.143116	0.554807	75.534315	28.704035	6.112144	13.07451	-5.598176	-8.551087
61	0.751756	0.748059	0.199836	79.569013	28.913098	4.824474	12.470012	-5.48858	-9.046387
62	-0.831493	1.500484	-0.457512	83.404693	28.759434	3.83445	11.821772	-5.458263	-9.593741
63	-2.375486	2.430235	-1.292886	86.9722	28.276722	3.097667	11.135518	-5.50127	-10.161974
64	-3.892861	3.502934	-2.200757	90.204297	27.569195	2.570624	10.462496	-5.553334	-10.782916
65	-5.44256	4.620935	-3.115853	93.06532	26.777877	2.199435	9.918126	-5.493599	-11.466751
66	-7.109025	5.671404	-3.984206	95.557262	25.992015	1.905866	9.560016	-5.277952	-12.140262
67	-8.955316	6.576429	-4.730973	97.693049	25.186511	1.609854	9.290233	-5.014531	-12.676695
68	-10.977397	7.291762	-5.276453	99.469603	24.258133	1.273005	8.98244	-4.813041	-12.924099
69	-13.086426	7.776649	-5.59345	100.862175	23.162444	0.920387	8.619298	-4.652656	-12.762874
70	-15.153487	7.990361	-5.723727	101.825138	21.966497	0.623826	8.230937	-4.476564	-12.167677
71	-17.08063	7.940512	-5.757305	102.335596	20.783367	0.471105	7.827892	-4.27753	-11.222859
72	-18.849563	7.69333	-5.750464	102.410498	19.709543	0.498887	7.415797	-4.067721	-10.071196
73	-20.497908	7.330192	-5.670888	102.089228	18.821298	0.648295	7.009322	-3.852973	-8.870096
74	-22.06376	6.912433	-5.478736	101.407106	18.18108	0.843871	6.610226	-3.665652	-7.775903
75	-23.553458	6.478139	-5.209294	100.384115	17.830799	1.081225	6.203093	-3.561247	-6.926785
76	-24.94785	6.042099	-4.925286	99.031873	17.775387	1.393944	5.787543	-3.556852	-6.389345
77	-26.225537	5.60227	-4.67059	97.361293	17.965581	1.814301	5.401293	-3.611097	-6.119189
78	-27.373261	5.156567	-4.490464	95.377202	18.306763	2.387546	5.092725	-3.674277	-6.005329
79	-28.382899	4.709883	-4.436417	93.074536	18.711792	3.164192	4.870656	-3.730858	-5.961634
80	-29.251752	4.270769	-4.539478	90.45483	19.153869	4.170723	4.697423	-3.793905	-5.975468
81	-29.982822	3.851223	-4.801417	87.542048	19.648741	5.411998	4.523275	-3.885766	-6.06981
82	-30.577524	3.472383	-5.218343	84.367443	20.176663	6.903762	4.312865	-4.021701	-6.23173
83	-31.031129	3.165034	-5.792751	80.948485	20.659238	8.67878	4.055952	-4.190405	-6.41285
84	-31.333272	2.956962	-6.51862	77.294076	21.023285	10.754032	3.768114	-4.362776	-6.587755
85	-31.469387	2.857782	-7.368819	73.420072	21.222433	13.100516	3.471581	-4.524335	-6.750178
86	-31.426069	2.855607	-8.302693	69.352204	21.213233	15.643912	3.16912	-4.681665	-6.864347
87	-31.196621	2.92305	-9.281928	65.113522	20.993008	18.300764	2.847769	-4.839802	-6.898402
88	-30.782891	3.02351	-10.265486	60.717958	20.620471	21.009122	2.512127	-4.983361	-6.928531
89	-30.196367	3.114753	-11.19036	56.191484	20.141748	23.704629	2.209158	-5.087481	-7.126095
90	-29.460216	3.147126	-11.964957	51.596614	19.542085	26.267524	2.011818	-5.150264	-7.584885
91	-28.608429	3.062625	-12.476206	47.029553	18.777587	28.501347	1.963803	-5.20726	-8.213097
92	-27.676315	2.809745	-12.615506	42.592948	17.81799	30.180083	2.056091	-5.304594	-8.8202
93	-26.686442	2.371689	-12.322236	38.368945	16.663623	31.141842	2.264224	-5.461707	-9.261445
94	-25.644237	1.784467	-11.622065	34.429581	15.306113	31.312823	2.566587	-5.661745	-9.42275
95	-24.549234	1.127276	-10.647196	30.844231	13.72962	30.6978	2.919505	-5.880074	-9.163127
96	-23.410533	0.489472	-9.608276	27.628861	12.027753	29.492924	3.261036	-6.118363	-8.47425
97	-22.25004	-0.06482	-8.709371	24.719435	10.442445	28.174016	3.564078	-6.382098	-7.663338
98	-21.090751	-0.513181	-8.083935	22.028227	9.224717	27.346537	3.853599	-6.665881	-7.241215
99	-19.94695	-0.86959	-7.78664	19.526875	8.447621	27.378958	4.151616	-6.980763	-7.516052
100	-18.829355	-1.169057	-7.797716	17.278723	7.970689	28.14626	4.452261	-7.320507	-8.314766
