Time	Hip_Z	Hip_X	Hip_Y	Knee_Z	Knee_X	Knee_Y	Ankle_Z	Ankle_X	Ankle_Y
0	-25.975998	-0.264832	-4.376992	17.06136	2.959979	17.606675	4.079736	-11.03052	-10.133282
1	-25.836215	-0.5928	-4.99472	18.834766	3.093378	17.392073	3.780342	-10.283881	-9.964627
2	-25.727289	-0.921883	-5.552323	21.152368	3.033061	16.697068	2.602391	-8.702568	-9.559959
3	-25.629365	-1.320485	-5.889397	23.900919	2.769212	15.521805	0.415936	-6.532174	-8.88938
4	-25.496479	-1.822131	-5.955832	26.779425	2.425867	14.194415	-2.326236	-4.221173	-8.090885
5	-25.273597	-2.423907	-5.821288	29.470172	2.191734	13.105009	-5.022076	-2.125206	-7.438167
6	-24.944132	-3.122892	-5.587594	31.849896	2.1671	12.329974	-7.413579	-0.406813	-7.023081
7	-24.543344	-3.910066	-5.345079	33.978764	2.279633	11.647492	-9.545318	0.870337	-6.640624
8	-24.127312	-4.720377	-5.196662	35.930722	2.328026	10.854282	-11.491998	1.715452	-6.000182
9	-23.743634	-5.421429	-5.24778	37.688584	2.10495	9.953992	-13.239398	2.251088	-4.945498
10	-23.402268	-5.93326	-5.482814	39.204483	1.585854	9.058936	-14.790858	2.624947	-3.573038
11	-23.070805	-6.255865	-5.777916	40.440184	0.911986	8.289257	-16.203296	2.902638	-2.148499
12	-22.685532	-6.43623	-5.962052	41.396097	0.325632	7.753836	-17.51865	3.148911	-1.030158
13	-22.181413	-6.516299	-5.93054	42.090444	-0.023422	7.45364	-18.722416	3.419999	-0.39176
14	-21.517157	-6.51092	-5.709478	42.528104	-0.161167	7.298647	-19.789088	3.714039	-0.127794
15	-20.679307	-6.423693	-5.409969	42.692532	-0.177937	7.228531	-20.696224	3.990606	-0.059227
16	-19.659525	-6.25886	-5.153689	42.535965	-0.148572	7.253868	-21.402126	4.224481	-0.080219
17	-18.474067	-6.046511	-5.010159	42.05706	-0.100239	7.390686	-21.893222	4.410531	-0.170232
18	-17.144637	-5.838309	-4.974163	41.303797	-0.007136	7.589487	-22.182116	4.530756	-0.337887
19	-15.690319	-5.668622	-5.025711	40.325643	0.146405	7.768917	-22.258599	4.567912	-0.559304
20	-14.140825	-5.531404	-5.161585	39.149412	0.348624	7.907698	-22.074261	4.531985	-0.821495
21	-12.52797	-5.398507	-5.374837	37.7877	0.570992	8.046878	-21.5885	4.44458	-1.127209
22	-10.87365	-5.241855	-5.645478	36.267762	0.779487	8.233016	-20.796462	4.319502	-1.459664
23	-9.196577	-5.039164	-5.95384	34.632925	0.960898	8.514447	-19.69727	4.166916	-1.83166
24	-7.523573	-4.767137	-6.277466	32.925095	1.131451	8.960126	-18.267153	3.981761	-2.32681
25	-5.873589	-4.424933	-6.575487	31.188706	1.315514	9.581405	-16.560153	3.743592	-2.990568
26	-4.250368	-4.02127	-6.792496	29.445528	1.519605	10.35687	-14.607167	3.431167	-3.823035
27	-2.657079	-3.577986	-6.869216	27.706999	1.731031	11.23104	-12.414833	3.039078	-4.792615
28	-1.103159	-3.127814	-6.769039	25.984658	1.935112	12.13172	-9.964135	2.577197	-5.848226
29	0.405474	-2.700625	-6.48909	24.290951	2.128779	13.001494	-7.243743	2.05345	-6.933738
30	1.869891	-2.312615	-6.055394	22.635175	2.317708	13.820487	-4.288247	1.448108	-8.002936
31	3.267601	-1.979734	-5.507483	21.047574	2.512905	14.579595	-1.170929	0.722251	-9.016437
32	4.537161	-1.726783	-4.881974	19.596317	2.726369	15.237881	2.025724	-0.137249	-9.934067
33	5.646793	-1.560331	-4.218995	18.321492	2.959082	15.765945	5.234353	-1.089035	-10.745162
34	6.582839	-1.484013	-3.549869	17.256432	3.208996	16.149491	8.412243	-2.091988	-11.435256
35	7.345031	-1.495285	-2.90441	16.434196	3.478245	16.401074	11.498476	-3.116156	-11.960638
36	7.942175	-1.588012	-2.328431	15.880856	3.777445	16.580972	14.393993	-4.163326	-12.245968
37	8.386448	-1.757573	-1.891323	15.615883	4.123238	16.777079	17.00444	-5.254841	-12.223153
38	8.682901	-1.99329	-1.649219	15.664494	4.535554	17.053854	19.289597	-6.379726	-11.920084
39	8.814779	-2.275344	-1.618771	16.084143	5.040987	17.420065	21.213565	-7.45383	-11.497284
40	8.777055	-2.582655	-1.760661	16.906743	5.644412	17.815795	22.738941	-8.344997	-11.165438
41	8.586742	-2.898927	-2.016048	18.126765	6.321609	18.170451	23.812252	-8.950736	-11.086151
42	8.261827	-3.20762	-2.33507	19.743721	7.035742	18.405741	24.33095	-9.215874	-11.347342
43	7.824586	-3.493987	-2.675346	21.74475	7.731568	18.411256	24.229227	-9.148218	-11.88794
44	7.301367	-3.742121	-2.986747	24.093327	8.349675	18.10147	23.559617	-8.806016	-12.542988
45	6.719979	-3.92432	-3.197498	26.728658	8.857463	17.489428	22.481761	-8.290832	-13.17551
46	6.103405	-4.003092	-3.231731	29.58089	9.259036	16.653527	21.180463	-7.741828	-13.736413
47	5.463265	-3.937812	-3.006668	32.596325	9.573421	15.638412	19.811213	-7.30168	-14.216516
48	4.80433	-3.730762	-2.502262	35.713395	9.843578	14.483846	18.488228	-7.039932	-14.638643
49	4.12176	-3.390949	-1.724845	38.895567	10.127863	13.247273	17.260175	-6.984826	-15.050766
50	3.400299	-2.935601	-0.714532	42.115156	10.503224	12.009943	16.131117	-7.126825	-15.501121
51	2.61676	-2.393665	0.468133	45.362299	11.011485	10.801769	15.052624	-7.407454	-15.97814
52	1.747506	-1.800902	1.734705	48.649268	11.606369	9.588771	13.965028	-7.747187	-16.391775
53	0.775926	-1.193876	2.952762	51.982547	12.193244	8.371423	12.860428	-8.069275	-16.640365
54	-0.304671	-0.606734	3.988698	55.345022	12.68691	7.210104	11.764874	-8.292369	-16.645023
55	-1.496127	-0.068394	4.750379	58.706879	13.000364	6.16638	10.700655	-8.329158	-16.325434
56	-2.773918	0.418008	5.237273	62.032024	13.103011	5.268951	9.673072	-8.163569	-15.695596
57	-4.112018	0.864529	5.454125	65.277035	13.009871	4.553975	8.682192	-7.809403	-14.808148
58	-5.484974	1.296044	5.425127	68.398925	12.779027	4.041618	7.729975	-7.30074	-13.749401
59	-6.885146	1.742566	5.186791	71.362656	12.485727	3.732088	6.830347	-6.67456	-12.608043
60	-8.328585	2.224034	4.800411	74.143105	12.201104	3.594388	6.003311	-5.960341	-11.47533
61	-9.851749	2.729759	4.356821	76.730247	11.954287	3.546022	5.251756	-5.180566	-10.424565
62	-11.507522	3.217093	3.925744	79.116779	11.746753	3.503375	4.551469	-4.365658	-9.504927
63	-13.319912	3.643252	3.493804	81.283967	11.594017	3.471065	3.871652	-3.562743	-8.727317
64	-15.255169	3.992862	2.994274	83.193398	11.503261	3.520392	3.198819	-2.80489	-8.066938
65	-17.269349	4.263787	2.387725	84.795586	11.469993	3.705497	2.503919	-2.095846	-7.545412
66	-19.325664	4.468383	1.708284	86.063657	11.486048	4.030277	1.73041	-1.408146	-7.213037
67	-21.393758	4.630279	1.045261	86.986038	11.545743	4.462969	0.851444	-0.726991	-7.079582
68	-23.444139	4.773064	0.495101	87.558232	11.648403	4.961068	-0.076783	-0.097665	-7.108582
69	-25.447171	4.909916	0.128525	87.782218	11.793001	5.49033	-0.95525	0.417293	-7.244248
70	-27.356527	5.036843	-0.004387	87.638765	11.958144	6.02713	-1.709286	0.784279	-7.378279
71	-29.131089	5.128954	0.08443	87.151998	12.106402	6.545663	-2.345325	1.022074	-7.392732
72	-30.741727	5.153475	0.359341	86.325529	12.238852	7.035964	-2.895367	1.153841	-7.28674
73	-32.171751	5.088858	0.753152	85.161449	12.3652	7.518956	-3.368425	1.196595	-7.106522
74	-33.421731	4.927245	1.176268	83.680338	12.46883	8.027853	-3.746248	1.169291	-6.86449
75	-34.505307	4.669971	1.541246	81.903619	12.541186	8.58959	-4.000612	1.115048	-6.580868
76	-35.432965	4.331805	1.785907	79.831985	12.595629	9.226947	-4.118901	1.094465	-6.329098
77	-36.206272	3.930389	1.893217	77.452013	12.624537	9.945025	-4.119062	1.133172	-6.181978
78	-36.808837	3.475903	1.86245	74.7294	12.61105	10.745014	-4.04677	1.192463	-6.170821
79	-37.248101	3.001452	1.705466	71.70145	12.577562	11.634525	-3.973546	1.199647	-6.278459
80	-37.520886	2.549602	1.419317	68.398302	12.524957	12.62411	-3.879684	1.103928	-6.49622
81	-37.631793	2.164622	1.00018	64.854869	12.447123	13.726438	-3.65267	0.890885	-6.822188
82	-37.582556	1.878896	0.4452	61.088749	12.363586	14.97795	-3.218734	0.564188	-7.247328
83	-37.358709	1.69944	-0.227889	57.104611	12.262709	16.388124	-2.600401	0.118513	-7.689635
84	-36.940492	1.606856	-0.977014	52.915765	12.062815	17.883227	-1.859364	-0.435674	-8.007686
85	-36.313078	1.576024	-1.759411	48.548062	11.660411	19.345848	-1.018836	-1.0212	-8.148133
86	-35.479528	1.589848	-2.537992	44.050459	10.99991	20.684523	-0.064858	-1.533383	-8.177819
87	-34.487127	1.639714	-3.265615	39.52111	10.085466	21.817513	0.938304	-1.979157	-8.084261
88	-33.414618	1.724322	-3.865269	35.103694	8.949236	22.608267	1.867134	-2.454109	-7.808811
89	-32.35202	1.825765	-4.23228	30.951253	7.686508	22.929074	2.64952	-3.034771	-7.411682
90	-31.353914	1.900849	-4.274048	27.170015	6.417382	22.737282	3.291225	-3.730966	-7.038738
91	-30.43738	1.905565	-3.959218	23.809663	5.251602	22.109223	3.818848	-4.524904	-6.829658
92	-29.597736	1.818311	-3.339263	20.879693	4.274914	21.230445	4.253251	-5.38463	-6.885678
93	-28.8254	1.649687	-2.546383	18.40111	3.539809	20.342431	4.611927	-6.249783	-7.243803
94	-28.108464	1.454858	-1.7903	16.350322	3.009493	19.636526	4.9149	-7.05245	-7.775638
95	-27.441718	1.280849	-1.237018	14.715328	2.62072	19.171337	5.157329	-7.746088	-8.293841
96	-26.827553	1.14007	-0.971477	13.509006	2.329781	18.913868	5.333658	-8.306272	-8.651997
97	-26.280561	1.005646	-0.979483	12.76412	2.130595	18.780912	5.455663	-8.757465	-8.809964
98	-25.825541	0.832522	-1.178218	12.524483	2.050061	18.69405	5.53403	-9.155897	-8.829296
99	-25.483057	0.599849	-1.494692	12.819709	2.112702	18.626136	5.572993	-9.492297	-8.782931
100	-25.251573	0.334097	-1.920957	13.651731	2.298004	18.591952	5.579411	-9.601742	-8.689899
