Time	Hip_Z	Hip_X	Hip_Y	Knee_Z	Knee_X	Knee_Y	Ankle_Z	Ankle_X	Ankle_Y
0	-17.570617	-3.422431	-11.662275	6.820084	4.647548	28.835086	-8.638981	-9.606264	-13.390312
1	-17.448987	-3.435961	-12.049786	8.069381	5.098132	28.78506	-8.763389	-9.653957	-12.990587
2	-17.246387	-3.572825	-12.333865	9.551812	5.69448	28.504895	-8.377186	-9.55594	-12.382347
3	-16.96373	-3.843051	-12.452939	11.205762	6.366603	27.916775	-7.255405	-9.223058	-11.480016
4	-16.615584	-4.246105	-12.342626	12.999143	7.016344	26.94013	-5.590018	-8.485614	-10.297497
5	-16.224733	-4.758319	-11.987992	14.931881	7.526408	25.54004	-3.897131	-7.191982	-8.970649
6	-15.852	-5.328902	-11.510129	17.070305	7.776816	23.821527	-2.803402	-5.301659	-7.686175
7	-15.611051	-5.887247	-11.235033	19.484261	7.807304	22.214112	-2.657221	-3.093754	-6.522543
8	-15.619873	-6.412889	-11.437399	22.206754	7.808056	21.180327	-3.443626	-0.899291	-5.516072
9	-15.956881	-6.95358	-12.124236	25.194494	8.030541	20.928776	-4.884816	1.016247	-4.804301
10	-16.608915	-7.596107	-12.964649	28.343058	8.62602	21.160916	-6.663518	2.461543	-4.459084
11	-17.450271	-8.412942	-13.508578	31.489221	9.545266	21.191377	-8.605455	3.284474	-4.336059
12	-18.226127	-9.392481	-13.535703	34.386439	10.553083	20.514358	-10.567041	3.54248	-4.191961
13	-18.709869	-10.452311	-13.124758	36.857841	11.449103	19.191475	-12.413344	3.485606	-3.923278
14	-18.790545	-11.476764	-12.44391	38.827853	12.138858	17.558806	-14.088508	3.329878	-3.555757
15	-18.483885	-12.319337	-11.702565	40.296168	12.58899	16.049144	-15.60092	3.2231	-3.169819
16	-17.861811	-12.854345	-11.053031	41.282825	12.77304	14.96516	-16.985082	3.228008	-2.784235
17	-16.966151	-13.031935	-10.505314	41.814439	12.668202	14.3572	-18.29388	3.325154	-2.303304
18	-15.833666	-12.941819	-9.973822	41.992168	12.362774	14.067516	-19.549522	3.451386	-1.763735
19	-14.478262	-12.654742	-9.438528	41.853564	11.952284	14.035072	-20.674757	3.62071	-1.377471
20	-12.958688	-12.242968	-8.954382	41.432645	11.504814	14.228387	-21.598927	3.865048	-1.264313
21	-11.362826	-11.773363	-8.622106	40.772358	11.025083	14.601577	-22.350797	4.142045	-1.274959
22	-9.764212	-11.301962	-8.555053	39.911727	10.492232	15.091569	-22.947627	4.378908	-1.168091
23	-8.175762	-10.860128	-8.705739	38.925931	9.951946	15.606409	-23.369274	4.564065	-0.982639
24	-6.570089	-10.455408	-8.988909	37.839475	9.453687	16.074137	-23.566437	4.683116	-0.862619
25	-4.925673	-10.085867	-9.331007	36.659116	9.007803	16.428956	-23.522251	4.679586	-0.85275
26	-3.241285	-9.741933	-9.69066	35.376903	8.611423	16.654883	-23.268321	4.489325	-0.923361
27	-1.528265	-9.410435	-10.04263	33.966493	8.291159	16.810581	-22.785231	4.083834	-1.088494
28	0.187894	-9.079057	-10.367941	32.443288	8.062073	16.983329	-22.028883	3.506682	-1.380227
29	1.886551	-8.730718	-10.638814	30.849217	7.899407	17.187044	-20.987511	2.789957	-1.787815
30	3.555884	-8.340111	-10.822986	29.22334	7.766302	17.396705	-19.650339	1.950739	-2.277163
31	5.193304	-7.883895	-10.897926	27.595749	7.632958	17.587722	-18.003235	1.00639	-2.819553
32	6.806694	-7.339236	-10.838348	25.99146	7.469689	17.737134	-16.052675	-0.003824	-3.409973
33	8.409913	-6.695704	-10.622811	24.429262	7.267467	17.856025	-13.84645	-0.982271	-4.072201
34	10.012395	-5.962518	-10.242289	22.921929	7.052947	17.991517	-11.427917	-1.849279	-4.816854
35	11.617885	-5.14039	-9.674626	21.497423	6.835196	18.149156	-8.808255	-2.580573	-5.654325
36	13.216604	-4.234944	-8.904189	20.195303	6.612997	18.2895	-6.006083	-3.187767	-6.603038
37	14.780041	-3.267636	-7.922551	19.047537	6.422866	18.397276	-3.023083	-3.692052	-7.65643
38	16.267677	-2.265692	-6.70498	18.066554	6.328896	18.471324	0.133254	-4.125819	-8.822604
39	17.65073	-1.252593	-5.269561	17.222084	6.346197	18.481852	3.339151	-4.574788	-10.125662
40	18.888138	-0.248892	-3.646477	16.520865	6.47481	18.385162	6.449394	-5.107888	-11.550033
41	19.936981	0.71631	-1.905732	16.005721	6.706328	18.10085	9.335531	-5.740206	-12.965558
42	20.757939	1.603977	-0.139397	15.742681	7.036233	17.544038	11.931541	-6.422963	-14.189386
43	21.303082	2.335255	1.4991	15.8281	7.465515	16.721687	14.220923	-7.027999	-15.071952
44	21.611947	2.870836	2.879452	16.273712	7.965075	15.801018	16.226412	-7.471864	-15.646976
45	21.707367	3.208868	3.938577	17.116567	8.523808	14.888626	17.880849	-7.765835	-15.938325
46	21.606671	3.364085	4.655166	18.381114	9.149767	14.053915	19.139811	-7.959185	-15.927597
47	21.331117	3.346894	5.022903	20.058428	9.866954	13.363385	20.025494	-8.079372	-15.582268
48	20.90672	3.179667	5.02861	22.140511	10.704266	12.890415	20.526288	-8.095653	-14.878509
49	20.385608	2.936123	4.737799	24.561897	11.643052	12.620264	20.577872	-7.966339	-13.91499
50	19.803041	2.680982	4.246262	27.261486	12.634724	12.453148	20.111941	-7.699069	-12.849922
51	19.175537	2.459781	3.656742	30.188399	13.629699	12.263798	19.128915	-7.32538	-11.804795
52	18.511368	2.312741	3.091333	33.278843	14.594589	11.943662	17.704415	-6.871082	-10.820469
53	17.815386	2.271353	2.674723	36.451625	15.539754	11.44387	15.931157	-6.382181	-9.914759
54	17.100508	2.336301	2.479349	39.601426	16.514399	10.797617	13.939143	-5.93182	-9.131241
55	16.386442	2.476581	2.474476	42.64651	17.554581	10.089033	11.868232	-5.555808	-8.49698
56	15.681878	2.667954	2.60676	45.533252	18.688076	9.39837	9.807797	-5.252823	-8.039719
57	14.968554	2.896888	2.829079	48.241367	19.930443	8.781026	7.819692	-4.998637	-7.77256
58	14.200183	3.178442	3.122942	50.784508	21.261637	8.243645	5.942556	-4.758445	-7.662134
59	13.315114	3.587475	3.469231	53.183156	22.600298	7.783897	4.216353	-4.485787	-7.627597
60	12.291677	4.195376	3.817144	55.483381	23.833183	7.405327	2.634838	-4.156592	-7.580744
61	11.11128	5.025467	4.147908	57.699484	24.896951	7.127823	1.181259	-3.767838	-7.489588
62	9.773814	5.98298	4.501908	59.826538	25.810399	6.946445	-0.187862	-3.31997	-7.38219
63	8.294373	6.879233	4.945476	61.85286	26.658059	6.81189	-1.521005	-2.816174	-7.324635
64	6.695378	7.48831	5.475982	63.759039	27.559363	6.660165	-2.824341	-2.268539	-7.368536
65	5.04039	7.740474	5.954726	65.549356	28.570123	6.472385	-4.083986	-1.716485	-7.502894
66	3.362214	7.667046	6.240012	67.214888	29.641262	6.270325	-5.294744	-1.209082	-7.705104
67	1.656815	7.35372	6.229172	68.737839	30.655421	6.100773	-6.439074	-0.771022	-7.917262
68	-0.09733	6.893688	5.846919	70.093885	31.501918	6.040906	-7.49999	-0.39506	-8.0674
69	-1.922224	6.361487	5.011497	71.228448	32.086778	6.20642	-8.466388	-0.073042	-8.08858
70	-3.806221	5.832089	3.75659	72.090893	32.385209	6.673033	-9.358945	0.199181	-7.955197
71	-5.698799	5.356074	2.185526	72.629024	32.46195	7.477808	-10.215667	0.428413	-7.705955
72	-7.5454	4.948056	0.409484	72.778645	32.406217	8.640403	-11.062143	0.61078	-7.39303
73	-9.312789	4.586541	-1.4088	72.508264	32.274264	10.096775	-11.921494	0.728684	-7.04426
74	-10.98425	4.22658	-3.050642	71.81226	32.046645	11.690613	-12.767564	0.804326	-6.696892
75	-12.555573	3.812591	-4.300559	70.712384	31.685217	13.211574	-13.486761	0.895736	-6.431711
76	-14.035078	3.312355	-5.119933	69.273884	31.226029	14.542816	-14.06743	0.963644	-6.226795
77	-15.40854	2.717259	-5.56675	67.503104	30.712847	15.690567	-14.626259	0.904452	-6.028856
78	-16.652011	2.046094	-5.773075	65.387359	30.154347	16.749595	-15.234015	0.670278	-5.865008
79	-17.74761	1.329982	-5.872719	62.918562	29.514137	17.810642	-15.79975	0.31155	-5.743563
80	-18.673959	0.595412	-5.961942	60.086623	28.758598	18.913446	-16.175665	-0.079262	-5.652596
81	-19.456607	-0.135729	-6.080911	56.976536	27.916154	20.053186	-16.326741	-0.42293	-5.616769
82	-20.107188	-0.846168	-6.22635	53.619221	26.979398	21.215945	-16.241498	-0.667937	-5.647315
83	-20.618966	-1.510109	-6.41703	50.019425	25.90873	22.424263	-15.970436	-0.819482	-5.763629
84	-20.953549	-2.094427	-6.729492	46.155636	24.645439	23.754337	-15.560225	-0.938925	-5.952413
85	-21.039949	-2.559949	-7.29792	41.973427	23.114514	25.30609	-15.004656	-1.0854	-6.20119
86	-20.879426	-2.909803	-8.166702	37.52278	21.309992	27.039157	-14.334285	-1.269806	-6.551819
87	-20.508274	-3.171173	-9.273739	32.931126	19.237231	28.741686	-13.572098	-1.475659	-6.994668
88	-19.983269	-3.384871	-10.478608	28.360178	16.962249	30.125602	-12.729746	-1.702643	-7.476094
89	-19.371517	-3.593173	-11.593342	23.953782	14.630357	30.956084	-11.827654	-1.99259	-7.997822
90	-18.752453	-3.835179	-12.370018	19.880412	12.43268	31.03518	-10.937895	-2.457945	-8.60567
91	-18.207625	-4.119402	-12.652289	16.292772	10.524741	30.393838	-10.179809	-3.191187	-9.330027
92	-17.783702	-4.417398	-12.484733	13.266884	8.951652	29.284246	-9.60584	-4.106554	-10.21227
93	-17.504483	-4.683592	-12.017887	10.844447	7.697101	27.981582	-9.204349	-5.032429	-11.249203
94	-17.369844	-4.863424	-11.493477	8.998695	6.709731	26.764882	-8.941944	-5.839513	-12.312051
95	-17.361255	-4.921319	-11.16481	7.674382	5.959889	25.88068	-8.779347	-6.462037	-13.208862
96	-17.447361	-4.871182	-11.192866	6.836805	5.452632	25.456313	-8.686361	-6.900361	-13.767356
97	-17.582496	-4.768975	-11.528024	6.429958	5.163018	25.387409	-8.670127	-7.2289	-13.975965
98	-17.729833	-4.65096	-12.080057	6.461871	5.081719	25.584875	-8.757427	-7.465983	-13.892348
99	-17.84973	-4.538243	-12.767821	6.912163	5.192598	26.010375	-8.943302	-7.609566	-13.617688
100	-17.902047	-4.442136	-13.54978	7.714134	5.473614	26.64241	-9.179175	-7.686146	-13.24016
