Time	Hip_Z	Hip_X	Hip_Y	Knee_Z	Knee_X	Knee_Y	Ankle_Z	Ankle_X	Ankle_Y
0	-27.75785	-5.73681	-1.334049	15.854703	4.095039	18.71895	-4.692925	-0.585743	-10.105368
1	-27.725999	-5.810722	-2.617046	17.915721	4.660968	18.852085	-4.459709	0.974619	-9.395057
2	-27.717004	-5.857381	-4.028884	20.234251	5.293704	19.089387	-4.798343	2.172652	-8.61167
3	-27.726357	-5.946352	-5.383854	22.771139	5.907015	19.187577	-5.642849	3.011531	-7.715279
4	-27.746794	-6.119899	-6.554964	25.484507	6.410663	18.97359	-6.849444	3.538473	-6.648331
5	-27.778851	-6.38776	-7.505668	28.3031	6.77604	18.465145	-8.261063	3.820121	-5.453038
6	-27.832199	-6.733725	-8.251095	31.117588	7.054952	17.835591	-9.7504	3.952699	-4.294289
7	-27.900056	-7.123526	-8.803453	33.782427	7.308536	17.249844	-11.237381	4.03822	-3.325289
8	-27.929	-7.525266	-9.159879	36.134754	7.555684	16.770662	-12.68122	4.142984	-2.587133
9	-27.830864	-7.927106	-9.332001	38.038171	7.804806	16.406117	-14.060349	4.277437	-2.051276
10	-27.544496	-8.327268	-9.364436	39.430396	8.076772	16.167506	-15.356443	4.414607	-1.68575
11	-27.078411	-8.717398	-9.317962	40.34302	8.368766	16.048141	-16.552849	4.525943	-1.438845
12	-26.48235	-9.083782	-9.24044	40.874616	8.641887	16.001488	-17.640871	4.597371	-1.231026
13	-25.792759	-9.411746	-9.147826	41.137065	8.853831	15.974922	-18.630963	4.624992	-1.018524
14	-25.011578	-9.683191	-9.033514	41.213531	8.969776	15.939501	-19.549806	4.615872	-0.810848
15	-24.118417	-9.8794	-8.896455	41.141326	8.962386	15.891247	-20.41183	4.591699	-0.62291
16	-23.093058	-9.989896	-8.753052	40.916898	8.827679	15.846575	-21.201049	4.572892	-0.458369
17	-21.933264	-10.016653	-8.628207	40.519996	8.585924	15.824458	-21.877279	4.556495	-0.303686
18	-20.657896	-9.972126	-8.5417	39.94245	8.269698	15.826916	-22.397011	4.520305	-0.123447
19	-19.295843	-9.87392	-8.499845	39.196863	7.923916	15.850081	-22.729872	4.449283	0.087466
20	-17.871999	-9.73694	-8.497104	38.303983	7.597815	15.901482	-22.845836	4.344752	0.268462
21	-16.401002	-9.568018	-8.522584	37.28494	7.316409	15.986094	-22.715387	4.201505	0.355523
22	-14.890597	-9.365787	-8.565279	36.164293	7.06472	16.09363	-22.346321	4.001425	0.343905
23	-13.346597	-9.123267	-8.615448	34.968782	6.810145	16.219258	-21.777629	3.740037	0.262064
24	-11.774001	-8.834427	-8.659629	33.722105	6.536633	16.374909	-21.026048	3.430349	0.127393
25	-10.178123	-8.501347	-8.679296	32.441827	6.245316	16.564572	-20.076198	3.082729	-0.04341
26	-8.566788	-8.133638	-8.654566	31.139295	5.942011	16.772748	-18.909299	2.70173	-0.223607
27	-6.950604	-7.743088	-8.556568	29.826098	5.645698	16.980377	-17.515217	2.295131	-0.402036
28	-5.341822	-7.337981	-8.341577	28.521012	5.389983	17.174317	-15.890441	1.88216	-0.596888
29	-3.753519	-6.91546	-7.970627	27.24792	5.200075	17.350565	-14.040746	1.494728	-0.843556
30	-2.200762	-6.462236	-7.43554	26.030649	5.071973	17.50879	-11.986223	1.169905	-1.166781
31	-0.702513	-5.968425	-6.764705	24.893587	4.980594	17.638632	-9.758084	0.940125	-1.562814
32	0.719929	-5.436692	-6.014912	23.863352	4.90578	17.730163	-7.393725	0.817574	-2.020814
33	2.04677	-4.882889	-5.255799	22.964836	4.844676	17.789422	-4.940433	0.780391	-2.525051
34	3.260744	-4.337614	-4.543553	22.217634	4.807972	17.818552	-2.457136	0.785662	-3.012774
35	4.344738	-3.843141	-3.908063	21.635738	4.814786	17.804503	-0.000347	0.796716	-3.390138
36	5.279316	-3.443562	-3.367127	21.228178	4.887117	17.740078	2.395381	0.786438	-3.602494
37	6.042439	-3.175779	-2.936198	21.005134	5.043198	17.626642	4.718901	0.728338	-3.638076
38	6.611281	-3.063263	-2.621631	20.988905	5.293822	17.457571	6.96035	0.605217	-3.485111
39	6.966074	-3.110434	-2.419982	21.219817	5.641106	17.224032	9.084584	0.421419	-3.141958
40	7.09544	-3.299638	-2.331442	21.748215	6.082506	16.950541	11.022942	0.196438	-2.663906
41	6.999459	-3.594844	-2.371633	22.618548	6.615981	16.715998	12.691236	-0.04959	-2.161305
42	6.689696	-3.948039	-2.563023	23.861949	7.236659	16.61557	14.024755	-0.301988	-1.747291
43	6.188468	-4.305688	-2.912037	25.497745	7.935176	16.699067	15.000697	-0.557419	-1.498172
44	5.527431	-4.616524	-3.396781	27.534441	8.699057	16.943732	15.617045	-0.830893	-1.440015
45	4.746613	-4.836594	-3.969475	29.970868	9.499561	17.257383	15.850082	-1.144998	-1.543843
46	3.893441	-4.934039	-4.564914	32.79439	10.277637	17.501798	15.663625	-1.50307	-1.733395
47	3.017497	-4.895696	-5.113	35.967221	10.963185	17.551237	15.07691	-1.875738	-1.928024
48	2.16007	-4.72748	-5.548054	39.415939	11.515504	17.348222	14.197309	-2.220307	-2.096445
49	1.344967	-4.449222	-5.812475	43.04674	11.93572	16.895631	13.173974	-2.513707	-2.251178
50	0.577628	-4.090405	-5.858104	46.769111	12.253134	16.217083	12.137989	-2.761615	-2.412957
51	-0.150941	-3.684925	-5.649388	50.503393	12.519607	15.342325	11.18399	-2.979001	-2.611714
52	-0.863684	-3.263276	-5.177043	54.182585	12.793143	14.307523	10.379663	-3.166145	-2.881128
53	-1.599628	-2.845894	-4.473473	57.757832	13.102323	13.15932	9.763725	-3.295468	-3.219934
54	-2.413686	-2.439531	-3.610969	61.201034	13.437598	11.964608	9.314156	-3.32349	-3.576351
55	-3.371938	-2.034978	-2.68174	64.502129	13.773097	10.804914	8.93873	-3.220672	-3.877504
56	-4.535963	-1.607686	-1.775742	67.660669	14.07409	9.752865	8.537243	-2.974712	-4.056767
57	-5.932256	-1.123404	-0.971326	70.672549	14.296167	8.86206	8.061507	-2.574065	-4.056498
58	-7.530681	-0.545311	-0.329812	73.521649	14.416511	8.173582	7.502899	-2.019108	-3.852042
59	-9.264479	0.152075	0.12015	76.184708	14.462559	7.70783	6.859448	-1.342544	-3.487126
60	-11.0761	0.960021	0.383576	78.639393	14.479565	7.454633	6.130786	-0.600516	-3.047998
61	-12.940806	1.83219	0.47232	80.864653	14.480359	7.391365	5.323467	0.153906	-2.597628
62	-14.854685	2.709504	0.40148	82.840822	14.444534	7.489193	4.451231	0.887701	-2.152421
63	-16.809653	3.540346	0.210272	84.550789	14.349467	7.699164	3.529355	1.582908	-1.707047
64	-18.779552	4.28801	-0.05305	85.975902	14.185603	7.970806	2.559759	2.212657	-1.259465
65	-20.727995	4.936849	-0.356295	87.095375	13.954358	8.274279	1.529407	2.724034	-0.830685
66	-22.623235	5.488807	-0.668576	87.893875	13.671141	8.582397	0.446247	3.059984	-0.486965
67	-24.442541	5.948614	-0.944622	88.363669	13.366042	8.858066	-0.625247	3.205347	-0.318098
68	-26.171775	6.311866	-1.148364	88.496549	13.069747	9.075851	-1.582545	3.197938	-0.354644
69	-27.805514	6.565793	-1.28075	88.282148	12.798849	9.238427	-2.348687	3.088295	-0.534652
70	-29.343047	6.699439	-1.36114	87.718702	12.547199	9.360506	-2.916275	2.912737	-0.778178
71	-30.78195	6.710906	-1.392095	86.818013	12.279925	9.4482	-3.325315	2.706768	-1.038067
72	-32.114651	6.607017	-1.367446	85.59719	11.943838	9.503362	-3.617024	2.495961	-1.277689
73	-33.329487	6.400283	-1.29768	84.070098	11.49496	9.534508	-3.822818	2.269753	-1.46543
74	-34.414916	6.104978	-1.207373	82.247028	10.926938	9.552303	-3.970916	2.002309	-1.590342
75	-35.363977	5.733446	-1.118034	80.138796	10.291615	9.562792	-4.084718	1.685872	-1.673519
76	-36.17417	5.295752	-1.040459	77.75899	9.674785	9.572492	-4.201316	1.31592	-1.771269
77	-36.843816	4.797536	-0.977232	75.125715	9.134335	9.587822	-4.399324	0.865564	-1.944866
78	-37.368798	4.237339	-0.929413	72.257912	8.699601	9.61354	-4.753987	0.306298	-2.214672
79	-37.736848	3.617664	-0.910514	69.156226	8.436937	9.686642	-5.250998	-0.360487	-2.565765
80	-37.926119	2.954903	-0.951102	65.789744	8.451793	9.901247	-5.77781	-1.105669	-2.988628
81	-37.914446	2.271869	-1.081519	62.116892	8.772584	10.355731	-6.189657	-1.872596	-3.455909
82	-37.687477	1.595597	-1.320847	58.120451	9.28312	11.091192	-6.404112	-2.57908	-3.924427
83	-37.245811	0.959484	-1.66861	53.819758	9.818538	12.103208	-6.460923	-3.161601	-4.423311
84	-36.616913	0.389358	-2.079289	49.269723	10.23749	13.350377	-6.467931	-3.611899	-5.010859
85	-35.85624	-0.107317	-2.461453	44.57256	10.416674	14.731117	-6.506542	-3.964761	-5.662177
86	-35.031324	-0.531196	-2.722705	39.876937	10.305721	16.133134	-6.604346	-4.282108	-6.334489
87	-34.207267	-0.884343	-2.80485	35.344053	9.949061	17.494102	-6.740139	-4.64286	-7.044031
88	-33.440883	-1.180449	-2.68293	31.115251	9.407859	18.759634	-6.85291	-5.12171	-7.790254
89	-32.77399	-1.445006	-2.359383	27.303935	8.716191	19.839787	-6.88633	-5.763794	-8.496583
90	-32.227019	-1.69406	-1.870439	23.994368	7.907448	20.655534	-6.833827	-6.550584	-9.066273
91	-31.798607	-1.915859	-1.303245	21.225307	7.049634	21.224555	-6.735722	-7.390452	-9.46961
92	-31.469269	-2.080622	-0.792345	18.977778	6.252034	21.690365	-6.647015	-8.167844	-9.77953
93	-31.211504	-2.174906	-0.453337	17.211647	5.620906	22.211917	-6.614834	-8.796372	-10.107881
94	-31.006536	-2.227314	-0.299785	15.928079	5.199816	22.79399	-6.672612	-9.227472	-10.49049
95	-30.850914	-2.300593	-0.244127	15.177225	4.967548	23.263761	-6.811642	-9.438781	-10.859344
96	-30.743573	-2.452583	-0.196107	14.99936	4.886742	23.429544	-6.942204	-9.425197	-11.126915
97	-30.671915	-2.693166	-0.160562	15.37634	4.935411	23.241254	-6.919172	-9.178653	-11.252992
98	-30.612083	-2.978639	-0.241853	16.238	5.104776	22.803858	-6.623244	-8.663517	-11.213655
99	-30.53828	-3.248585	-0.559683	17.503955	5.382095	22.266043	-6.04962	-7.839036	-10.959076
100	-30.432174	-3.464396	-1.161607	19.122571	5.729213	21.710161	-5.372083	-6.715972	-10.440484
