Time	Hip_Z	Hip_X	Hip_Y	Knee_Z	Knee_X	Knee_Y	Ankle_Z	Ankle_X	Ankle_Y
0	-29.483869	-0.478649	-8.735983	19.914259	3.728279	18.058181	-12.54638	4.672468	-12.775209
1	-28.683892	-0.742929	-9.143709	19.456337	3.625924	18.886071	-9.751394	5.419719	-13.035642
2	-27.978276	-1.079203	-9.568787	19.412202	3.655651	19.816651	-6.481214	6.449138	-13.10002
3	-27.409108	-1.49275	-9.94181	19.870501	3.838793	20.630206	-3.574221	7.555951	-13.093086
4	-27.02643	-1.987573	-10.191656	20.917173	4.211924	21.120728	-1.703512	8.565578	-13.075844
5	-26.858106	-2.55199	-10.291694	22.586031	4.730999	21.155482	-1.126363	9.442999	-12.947567
6	-26.906731	-3.160373	-10.305446	24.840643	5.233695	20.680321	-1.710092	10.235218	-12.490904
7	-27.153466	-3.80026	-10.3503	27.547132	5.534902	19.672995	-3.079765	10.931532	-11.496972
8	-27.527211	-4.500297	-10.491723	30.432968	5.579188	18.200808	-4.816447	11.438081	-10.005623
9	-27.85713	-5.321492	-10.684791	33.118919	5.474048	16.486991	-6.612941	11.694837	-8.35955
10	-27.981731	-6.279545	-10.837896	35.378235	5.322088	14.74464	-8.350405	11.776929	-6.801521
11	-27.856754	-7.319266	-10.887674	37.179476	5.150526	13.10201	-10.002917	11.811255	-5.412662
12	-27.530662	-8.310624	-10.814673	38.600032	5.004125	11.732493	-11.567224	11.916384	-4.316132
13	-27.055908	-9.089197	-10.655572	39.696381	4.965158	10.852669	-13.045143	12.117295	-3.674704
14	-26.443109	-9.524103	-10.483828	40.46457	5.083969	10.587576	-14.430947	12.351471	-3.560058
15	-25.667816	-9.578562	-10.354755	40.901608	5.297821	10.847875	-15.730043	12.540063	-3.858737
16	-24.687748	-9.300613	-10.267515	41.041422	5.440376	11.357428	-16.961	12.634605	-4.317257
17	-23.491707	-8.83607	-10.181939	40.957129	5.389036	11.819835	-18.128531	12.655659	-4.71321
18	-22.090238	-8.321202	-10.088731	40.672033	5.157112	12.139184	-19.225019	12.641207	-5.016204
19	-20.50786	-7.832633	-10.017262	40.165314	4.813654	12.335523	-20.24576	12.590292	-5.258953
20	-18.776525	-7.397401	-10.002348	39.407602	4.41255	12.432284	-21.16836	12.47336	-5.448474
21	-16.921922	-7.015439	-10.052414	38.374701	3.971243	12.425093	-21.946195	12.272797	-5.595392
22	-14.967873	-6.674833	-10.147468	37.054047	3.500887	12.327752	-22.552591	11.995857	-5.733497
23	-12.93713	-6.358488	-10.261896	35.443849	3.033216	12.204818	-22.968639	11.668497	-5.895961
24	-10.842813	-6.050103	-10.364446	33.525849	2.62314	12.145217	-23.08919	11.327144	-6.142442
25	-8.706658	-5.732719	-10.413225	31.359733	2.28751	12.168692	-22.840967	10.977781	-6.561145
26	-6.546182	-5.381122	-10.38064	29.022665	1.985748	12.220427	-22.183291	10.573827	-7.202599
27	-4.375328	-4.957968	-10.269153	26.610973	1.669991	12.253588	-21.138454	10.064059	-8.008963
28	-2.21308	-4.437047	-10.080235	24.211256	1.335548	12.301658	-19.766733	9.457895	-8.865087
29	-0.101212	-3.832425	-9.79891	21.895188	0.984143	12.422389	-18.113996	8.828867	-9.693652
30	1.90699	-3.190056	-9.427772	19.725377	0.583305	12.618472	-16.220777	8.252733	-10.455301
31	3.77183	-2.551008	-8.98993	17.75689	0.094912	12.860832	-14.139398	7.770326	-11.131516
32	5.474042	-1.936803	-8.510134	16.030904	-0.479877	13.151201	-11.921977	7.383813	-11.765936
33	7.03062	-1.361906	-8.029616	14.526292	-1.086	13.528248	-9.615713	7.043822	-12.441966
34	8.449242	-0.848636	-7.586478	13.230373	-1.656138	14.033524	-7.230973	6.695772	-13.212073
35	9.733309	-0.419148	-7.194268	12.147686	-2.122874	14.667261	-4.762556	6.308323	-14.084229
36	10.882286	-0.093381	-6.850858	11.290749	-2.436427	15.38846	-2.219887	5.875293	-15.028448
37	11.89061	0.108559	-6.54889	10.66189	-2.569859	16.119281	0.346427	5.391406	-15.966061
38	12.742028	0.169604	-6.272475	10.261518	-2.507426	16.76005	2.861655	4.851729	-16.782224
39	13.404398	0.086163	-6.001846	10.124703	-2.226968	17.245168	5.251744	4.265096	-17.412571
40	13.865244	-0.093182	-5.705724	10.297586	-1.750318	17.566663	7.478269	3.660554	-17.893296
41	14.131266	-0.301235	-5.360253	10.812607	-1.135235	17.72624	9.546404	3.050347	-18.247523
42	14.20291	-0.497404	-4.979221	11.701795	-0.417935	17.747881	11.460601	2.39691	-18.439879
43	14.082331	-0.671688	-4.614883	12.981253	0.397816	17.70702	13.207349	1.631751	-18.423977
44	13.774183	-0.842175	-4.343609	14.653374	1.345248	17.71537	14.762841	0.709302	-18.186546
45	13.282531	-1.037774	-4.236987	16.716947	2.481338	17.867089	16.103801	-0.356915	-17.743639
46	12.61697	-1.267151	-4.332149	19.166425	3.836429	18.182313	17.219534	-1.489532	-17.104824
47	11.793443	-1.509509	-4.64901	22.015465	5.396458	18.623688	18.072593	-2.569784	-16.278714
48	10.857055	-1.724827	-5.114871	25.225728	7.085171	19.074883	18.600764	-3.5073	-15.359234
49	9.833278	-1.872272	-5.613266	28.791434	8.828073	19.378979	18.710681	-4.237335	-14.450685
50	8.742389	-1.924796	-6.034003	32.6933	10.542957	19.390407	18.367293	-4.686588	-13.63461
51	7.602001	-1.883137	-6.309382	36.873131	12.16615	19.039334	17.63211	-4.78634	-12.960714
52	6.423464	-1.767503	-6.411134	41.243469	13.676005	18.341572	16.627866	-4.532362	-12.451242
53	5.212831	-1.601217	-6.339773	45.71306	15.08088	17.354974	15.460815	-4.044057	-12.097284
54	3.968002	-1.399766	-6.106436	50.20584	16.389075	16.128616	14.199314	-3.521492	-11.87187
55	2.668308	-1.154309	-5.706774	54.665886	17.593004	14.686919	12.933543	-3.106301	-11.760903
56	1.297173	-0.834049	-5.171694	59.063541	18.680828	13.091353	11.756396	-2.792504	-11.724206
57	-0.153208	-0.40426	-4.540279	63.364405	19.613832	11.397372	10.69785	-2.533666	-11.710307
58	-1.686644	0.139981	-3.853988	67.521042	20.364741	9.660907	9.72172	-2.280189	-11.709214
59	-3.318777	0.77156	-3.159303	71.490691	20.936746	7.925955	8.743141	-2.000343	-11.757694
60	-5.080032	1.451947	-2.511119	75.256673	21.327625	6.212237	7.681086	-1.668171	-11.794318
61	-7.007155	2.138569	-1.949585	78.824374	21.515479	4.522902	6.548163	-1.216529	-11.641011
62	-9.135254	2.764439	-1.488314	82.190652	21.534488	2.864008	5.444257	-0.576489	-11.288848
63	-11.445897	3.241562	-1.127341	85.33566	21.501032	1.259536	4.41345	0.203541	-10.98173
64	-13.866867	3.53116	-0.873938	88.220543	21.463373	-0.23409	3.422166	1.049246	-10.784599
65	-16.326711	3.648449	-0.736993	90.783101	21.409787	-1.537492	2.457857	1.948918	-10.588451
66	-18.759345	3.645352	-0.718612	92.971164	21.358503	-2.572954	1.54589	2.877524	-10.364283
67	-21.11652	3.592048	-0.825778	94.752451	21.361377	-3.281004	0.696548	3.751147	-10.225426
68	-23.370295	3.562676	-1.055249	96.107258	21.454559	-3.637412	-0.154955	4.476817	-10.262143
69	-25.502142	3.61046	-1.386121	97.019143	21.628414	-3.648729	-1.09959	5.024509	-10.393953
70	-27.482993	3.748092	-1.792452	97.450223	21.851821	-3.333417	-2.189842	5.399399	-10.487236
71	-29.305016	3.921043	-2.226916	97.445358	22.110877	-2.793971	-3.389894	5.631952	-10.550567
72	-30.975492	4.062448	-2.644684	97.039706	22.400913	-2.114314	-4.62097	5.755049	-10.656874
73	-32.530938	4.131756	-3.022048	96.256467	22.693143	-1.329131	-5.797733	5.794919	-10.837398
74	-34.02006	4.121159	-3.366608	95.120952	22.975107	-0.436708	-6.842274	5.765344	-11.061184
75	-35.463462	4.028527	-3.687909	93.656806	23.262969	0.562643	-7.720625	5.684082	-11.254147
76	-36.839151	3.844593	-3.981143	91.868838	23.555375	1.661164	-8.457302	5.571287	-11.358656
77	-38.101135	3.578838	-4.270897	89.738366	23.838855	2.888649	-9.061761	5.433586	-11.362007
78	-39.199123	3.283648	-4.641204	87.235363	24.141054	4.330802	-9.495078	5.26308	-11.259723
79	-40.137548	3.029342	-5.150064	84.420507	24.509364	6.017251	-9.826886	5.062773	-11.124448
80	-40.921385	2.855214	-5.805742	81.310739	24.971506	7.966687	-10.183784	4.836577	-11.094505
81	-41.548752	2.763653	-6.576673	77.897208	25.515722	10.186926	-10.588999	4.604943	-11.206597
82	-42.013345	2.728489	-7.41148	74.177252	26.04488	12.652242	-10.949832	4.417861	-11.294809
83	-42.319709	2.720654	-8.261084	70.192155	26.450629	15.29067	-11.238967	4.299447	-11.22708
84	-42.475762	2.722207	-9.096384	66.015855	26.686925	18.01649	-11.524639	4.223366	-11.057587
85	-42.469556	2.723949	-9.898214	61.726383	26.664419	20.730095	-11.869971	4.157719	-10.854997
86	-42.278927	2.722579	-10.632097	57.419599	26.245107	23.292463	-12.281232	4.100863	-10.636575
87	-41.910033	2.705847	-11.241847	53.21793	25.363745	25.531566	-12.720503	4.090878	-10.418877
88	-41.38009	2.644463	-11.655574	49.243227	24.001241	27.239039	-13.158663	4.162764	-10.213874
89	-40.71243	2.518921	-11.830059	45.561226	22.234597	28.282076	-13.578698	4.301455	-10.058659
90	-39.925829	2.340683	-11.779567	42.164872	20.240182	28.689804	-13.962342	4.459005	-10.034045
91	-39.040929	2.131044	-11.552367	39.036464	18.198879	28.569715	-14.305093	4.5861	-10.194092
92	-38.084125	1.892906	-11.189026	36.207201	16.16911	27.938548	-14.642422	4.629272	-10.449564
93	-37.076268	1.616295	-10.716619	33.719803	14.135155	26.738767	-15.009257	4.566364	-10.629087
94	-36.030768	1.312874	-10.191836	31.509879	12.12195	25.103663	-15.380306	4.458022	-10.665425
95	-34.957128	1.005042	-9.670853	29.516534	10.189392	23.223426	-15.712177	4.354815	-10.586943
96	-33.875829	0.705849	-9.201443	27.720021	8.422549	21.283876	-15.962259	4.261616	-10.483918
97	-32.811957	0.420826	-8.840238	26.115085	6.918865	19.507489	-16.072203	4.151571	-10.505766
98	-31.778266	0.157857	-8.651951	24.693663	5.753097	18.147691	-15.946013	3.999644	-10.776039
99	-30.774819	-0.074916	-8.6879	23.44714	4.947119	17.415956	-15.409802	3.835989	-11.303752
100	-29.80426	-0.28543	-8.960352	22.386311	4.46651	17.384237	-14.185513	3.763705	-12.010734
