Time	Hip_Z	Hip_X	Hip_Y	Knee_Z	Knee_X	Knee_Y	Ankle_Z	Ankle_X	Ankle_Y
0	-29.292768	-1.264187	-7.134481	11.877562	6.701418	36.009739	-13.260904	-3.936496	-22.041946
1	-29.107277	-1.484334	-7.969788	12.899765	7.453544	36.02297	-12.154824	-2.557669	-20.96811
2	-28.818154	-1.69225	-8.81112	14.228038	8.258357	35.862291	-10.704892	-1.068732	-19.948656
3	-28.443255	-1.905263	-9.570363	15.847554	9.028983	35.358201	-9.268778	0.179643	-18.869478
4	-28.025419	-2.128714	-10.221144	17.711503	9.707495	34.483314	-8.116564	1.011728	-17.607199
5	-27.631228	-2.348281	-10.790914	19.798202	10.260966	33.342071	-7.412314	1.524914	-16.105507
6	-27.338117	-2.532975	-11.341515	22.153823	10.660806	32.089483	-7.287165	1.936193	-14.390431
7	-27.211461	-2.658316	-11.928132	24.837167	10.899287	30.883272	-7.815366	2.388337	-12.570956
8	-27.264351	-2.738671	-12.52362	27.802199	11.02428	29.861696	-8.938714	2.880427	-10.843457
9	-27.415674	-2.833489	-12.998908	30.838263	11.136921	29.102597	-10.474751	3.337068	-9.457724
10	-27.503224	-3.012431	-13.237011	33.642983	11.328867	28.569306	-12.199807	3.700893	-8.560165
11	-27.37612	-3.317222	-13.218474	35.982565	11.603286	28.092342	-13.932917	3.956403	-8.036839
12	-26.968332	-3.753641	-12.943603	37.759751	11.876055	27.436247	-15.56521	4.111433	-7.605723
13	-26.345671	-4.250335	-12.466336	39.067176	12.083733	26.554611	-17.064377	4.199047	-7.096788
14	-25.572059	-4.697959	-11.932544	39.969853	12.229773	25.640825	-18.430084	4.229215	-6.539531
15	-24.679748	-5.011129	-11.517189	40.514533	12.316788	24.919396	-19.685207	4.193752	-6.00541
16	-23.68094	-5.180834	-11.287528	40.760977	12.327691	24.461481	-20.849	4.111676	-5.537668
17	-22.588757	-5.254016	-11.215907	40.762749	12.279034	24.240901	-21.893382	4.05815	-5.166528
18	-21.414958	-5.283044	-11.260966	40.546462	12.213813	24.225209	-22.756973	4.114757	-4.903665
19	-20.158075	-5.295931	-11.395857	40.127741	12.134502	24.360287	-23.423434	4.287761	-4.725091
20	-18.808616	-5.297389	-11.595535	39.521102	12.006243	24.570208	-23.926455	4.527062	-4.605441
21	-17.35993	-5.281781	-11.819491	38.733983	11.810745	24.794787	-24.282362	4.795359	-4.573818
22	-15.811095	-5.23897	-12.022064	37.770968	11.558366	24.992027	-24.470299	5.053429	-4.676272
23	-14.164486	-5.153867	-12.169516	36.633263	11.266065	25.119354	-24.42624	5.20723	-4.881296
24	-12.447012	-5.014504	-12.250273	35.334586	10.961724	25.188264	-24.114026	5.155936	-5.152706
25	-10.696782	-4.809156	-12.260507	33.878825	10.676276	25.276118	-23.538586	4.868601	-5.5807
26	-8.955174	-4.529734	-12.196083	32.306621	10.401774	25.413743	-22.712593	4.382988	-6.201963
27	-7.256798	-4.174241	-12.051672	30.6955	10.096331	25.549853	-21.63544	3.754908	-6.912301
28	-5.624052	-3.743387	-11.82233	29.089807	9.747656	25.675482	-20.313537	3.037096	-7.646572
29	-4.066339	-3.236865	-11.500851	27.486317	9.379491	25.85878	-18.766466	2.282296	-8.443333
30	-2.581045	-2.653601	-11.073246	25.881355	9.016016	26.155936	-17.014846	1.533831	-9.347577
31	-1.156189	-1.994974	-10.520485	24.2903	8.665538	26.564379	-15.078628	0.82248	-10.367083
32	0.223548	-1.266294	-9.826588	22.737944	8.316156	27.025454	-12.980171	0.173547	-11.468956
33	1.572068	-0.476929	-8.987036	21.249698	7.951291	27.458141	-10.744777	-0.402084	-12.598618
34	2.902123	0.356021	-8.015094	19.845206	7.564352	27.80954	-8.395112	-0.915833	-13.722871
35	4.22404	1.195244	-6.964229	18.528316	7.149814	28.063392	-5.961333	-1.386639	-14.812679
36	5.53755	1.99062	-5.89761	17.300855	6.707801	28.203703	-3.468069	-1.814374	-15.812663
37	6.834569	2.682206	-4.874044	16.159337	6.263811	28.218245	-0.94845	-2.186568	-16.665554
38	8.103752	3.210017	-3.943419	15.093527	5.863257	28.103483	1.539032	-2.480016	-17.329753
39	9.32896	3.529599	-3.14548	14.104839	5.554694	27.868743	3.918174	-2.682878	-17.783508
40	10.482266	3.624723	-2.50624	13.223857	5.387508	27.556241	6.118659	-2.835802	-18.050382
41	11.521845	3.51327	-2.025719	12.51057	5.411096	27.23757	8.096397	-3.015316	-18.206957
42	12.400027	3.242423	-1.68356	12.043139	5.661139	26.985089	9.835371	-3.273428	-18.322209
43	13.07277	2.875604	-1.460005	11.906805	6.146268	26.846983	11.337292	-3.614269	-18.410957
44	13.506771	2.474776	-1.346264	12.178472	6.852153	26.83941	12.601251	-4.011455	-18.473425
45	13.677244	2.082528	-1.353681	12.928328	7.76619	26.950139	13.588878	-4.4214	-18.51928
46	13.595396	1.717468	-1.487095	14.173948	8.868494	27.104221	14.272936	-4.780306	-18.511466
47	13.291965	1.393034	-1.70928	15.90313	10.131153	27.177829	14.66861	-5.034867	-18.384164
48	12.796861	1.132944	-1.940754	18.102491	11.521513	27.046845	14.791438	-5.174856	-18.126912
49	12.151105	0.96139	-2.093311	20.721981	12.999001	26.642286	14.66672	-5.233431	-17.790664
50	11.408313	0.893201	-2.114647	23.664983	14.527355	25.99269	14.358841	-5.257602	-17.449965
51	10.623767	0.937222	-1.988784	26.81363	16.09212	25.188709	13.960246	-5.288995	-17.17072
52	9.836998	1.098502	-1.715846	30.070123	17.69855	24.301757	13.555764	-5.359342	-16.97674
53	9.061413	1.374256	-1.309412	33.377087	19.344489	23.350512	13.206371	-5.483737	-16.849839
54	8.283939	1.753548	-0.792764	36.714833	21.004256	22.314546	12.931785	-5.657059	-16.754377
55	7.47025	2.2191	-0.183848	40.087894	22.640408	21.158155	12.680937	-5.859543	-16.656655
56	6.573277	2.752666	0.499846	43.507362	24.21387	19.868207	12.35319	-6.057634	-16.538288
57	5.561269	3.336445	1.204953	46.963995	25.688471	18.506822	11.889591	-6.195956	-16.396547
58	4.442829	3.949935	1.852062	50.418123	27.038326	17.176324	11.302314	-6.206005	-16.235494
59	3.244827	4.566765	2.377098	53.826334	28.234018	15.940568	10.608412	-6.022835	-16.060652
60	1.986562	5.149435	2.756295	57.163485	29.254021	14.794459	9.816349	-5.605852	-15.892268
61	0.65318	5.647947	2.993868	60.420402	30.105602	13.683948	8.9078	-4.967929	-15.763491
62	-0.808058	6.011483	3.088726	63.597443	30.817154	12.548911	7.845571	-4.180595	-15.708875
63	-2.463504	6.208128	3.017977	66.694757	31.408587	11.366197	6.658071	-3.284061	-15.768688
64	-4.349718	6.237619	2.757271	69.683736	31.882026	10.172961	5.437688	-2.259293	-15.946684
65	-6.441394	6.135142	2.313057	72.490958	32.233164	9.048921	4.215567	-1.156946	-16.178504
66	-8.661129	5.961017	1.720239	75.019794	32.460368	8.082937	2.954918	-0.140448	-16.392334
67	-10.919	5.783061	1.027037	77.174343	32.554832	7.355016	1.662086	0.642293	-16.548293
68	-13.140033	5.66303	0.29994	78.880668	32.49269	6.923193	0.35905	1.134629	-16.611928
69	-15.287674	5.626147	-0.392198	80.12488	32.268321	6.790752	-0.931166	1.364695	-16.553977
70	-17.354284	5.659345	-1.00733	80.896326	31.905501	6.943013	-2.111902	1.406893	-16.360578
71	-19.347423	5.723047	-1.540578	81.201613	31.465365	7.352245	-3.11505	1.35866	-16.060347
72	-21.277831	5.77193	-2.000682	81.053684	31.02655	7.983652	-3.958381	1.291692	-15.732075
73	-23.147024	5.770366	-2.391913	80.465463	30.650536	8.796893	-4.668023	1.236736	-15.472862
74	-24.937942	5.703034	-2.73118	79.448491	30.36011	9.767079	-5.251792	1.192978	-15.34167
75	-26.621326	5.574332	-3.052472	78.011881	30.152975	10.895367	-5.722201	1.165464	-15.326854
76	-28.170812	5.396681	-3.382593	76.162951	30.008357	12.190889	-6.105252	1.173798	-15.375177
77	-29.571668	5.177603	-3.722289	73.910061	29.880546	13.649777	-6.421693	1.216342	-15.453426
78	-30.81526	4.912928	-4.057036	71.255476	29.714992	15.260669	-6.695139	1.246471	-15.551561
79	-31.889318	4.58703	-4.373171	68.199112	29.461118	17.005982	-7.034312	1.167547	-15.601031
80	-32.795432	4.186575	-4.658999	64.791165	29.108187	18.848981	-7.522945	0.927251	-15.537554
81	-33.523355	3.700024	-4.906674	61.042501	28.697809	20.805239	-8.048226	0.596174	-15.431387
82	-34.06078	3.128576	-5.12347	56.94928	28.255825	22.926611	-8.43245	0.310164	-15.423748
83	-34.39554	2.494096	-5.33102	52.55171	27.69199	25.199351	-8.654852	0.130284	-15.588496
84	-34.519202	1.838184	-5.554418	47.960328	26.829228	27.496182	-8.821457	0.033158	-15.883876
85	-34.434974	1.207862	-5.807943	43.312596	25.540763	29.644851	-9.007622	-0.013949	-16.218306
86	-34.157433	0.653386	-6.096115	38.714248	23.825056	31.539521	-9.213282	-0.038452	-16.562464
87	-33.704221	0.234391	-6.427465	34.232935	21.741922	33.165961	-9.421468	-0.082443	-16.949508
88	-33.105595	-0.001131	-6.807702	29.930147	19.363691	34.533848	-9.640572	-0.21757	-17.406588
89	-32.415423	-0.048004	-7.21904	25.858898	16.817254	35.66526	-9.887905	-0.537205	-17.959625
90	-31.706642	0.045261	-7.601343	22.066439	14.308247	36.626895	-10.162149	-1.130063	-18.672064
91	-31.056208	0.179052	-7.860669	18.598579	12.017064	37.480506	-10.472995	-2.026349	-19.570846
92	-30.521818	0.278877	-7.908199	15.563019	10.034607	38.185802	-10.857571	-3.190546	-20.610515
93	-30.129552	0.304403	-7.706524	13.04841	8.388125	38.680914	-11.320849	-4.407731	-21.687583
94	-29.876678	0.236837	-7.274556	11.092697	7.084047	38.92888	-11.822625	-5.352532	-22.685189
95	-29.745981	0.066477	-6.668753	9.710404	6.125721	38.882021	-12.315581	-5.786177	-23.441842
96	-29.706765	-0.192432	-5.99788	8.897655	5.511177	38.511166	-12.761879	-5.687921	-23.747421
97	-29.706131	-0.482847	-5.445897	8.600655	5.226571	37.91618	-13.115791	-5.215716	-23.461935
98	-29.674507	-0.723999	-5.215209	8.714722	5.240996	37.340565	-13.271664	-4.529539	-22.646133
99	-29.553877	-0.865848	-5.405445	9.140344	5.51146	37.021122	-13.016196	-3.645445	-21.544211
100	-29.32695	-0.926441	-5.955119	9.843832	5.998704	37.012264	-12.125163	-2.476227	-20.415773
