Time	Hip_Z	Hip_X	Hip_Y	Knee_Z	Knee_X	Knee_Y	Ankle_Z	Ankle_X	Ankle_Y
0	-23.295253	-2.6367	-8.984719	9.127531	2.445425	33.935115	-8.483837	-11.802453	-17.273394
1	-23.000536	-2.96727	-9.971168	10.642312	3.321527	34.336953	-8.200841	-11.87371	-17.257043
2	-22.666094	-3.396372	-10.83267	12.480289	4.225224	34.320641	-7.441338	-11.782686	-16.939921
3	-22.333757	-3.852171	-11.504322	14.615103	4.970496	33.779072	-6.304609	-11.280868	-16.164978
4	-22.078685	-4.257153	-11.999369	17.083272	5.35791	32.679327	-5.272273	-9.928434	-14.942474
5	-22.036024	-4.530108	-12.425866	20.041655	5.105297	31.026685	-5.083583	-7.327166	-13.19425
6	-22.293105	-4.706006	-12.868559	23.437973	4.371983	29.155867	-5.779685	-4.114323	-11.053814
7	-22.928326	-4.877311	-13.273271	27.163985	3.636493	27.476719	-7.101814	-1.033549	-8.966358
8	-23.922398	-5.12578	-13.567765	31.062818	3.443428	26.295219	-8.806384	1.329532	-7.481628
9	-25.091927	-5.468379	-13.663282	34.913874	3.906095	25.398294	-10.812908	2.558675	-6.698888
10	-26.09882	-5.865209	-13.459943	38.493598	4.423262	24.131645	-12.950443	2.955935	-6.033872
11	-26.73076	-6.280187	-12.899746	41.624176	4.615624	22.287356	-15.076907	2.86906	-5.193493
12	-26.928107	-6.615242	-12.138482	44.165911	4.454128	20.221746	-17.065267	2.656417	-4.237635
13	-26.679917	-6.72651	-11.490199	45.938423	4.152592	18.645712	-18.792091	2.577673	-3.495798
14	-26.0605	-6.618883	-11.113125	47.069234	3.879517	17.818886	-20.291877	2.649799	-3.097794
15	-25.034538	-6.311795	-11.029838	47.630585	3.620218	17.704037	-21.617421	2.783249	-2.988851
16	-23.598753	-5.845707	-11.213014	47.726886	3.332847	18.129724	-22.795685	2.897038	-3.076398
17	-21.79147	-5.325322	-11.628256	47.420566	3.0085	18.897725	-23.754604	2.968825	-3.311846
18	-19.853246	-4.926827	-12.126364	46.870713	2.670996	19.671919	-24.509516	2.970175	-3.58108
19	-17.943807	-4.748558	-12.609295	46.136056	2.326783	20.234986	-25.073271	2.85638	-3.807705
20	-16.114934	-4.777151	-13.035326	45.225735	2.020383	20.535457	-25.442331	2.622453	-4.000969
21	-14.322781	-4.926339	-13.379179	44.076341	1.879973	20.660826	-25.568722	2.296691	-4.291349
22	-12.504873	-5.08341	-13.614745	42.703082	1.904713	20.703613	-25.471942	1.956756	-4.73757
23	-10.61368	-5.210126	-13.698449	41.103457	2.067175	20.669943	-25.124385	1.621988	-5.281001
24	-8.5984	-5.299578	-13.602861	39.282413	2.385376	20.606684	-24.472121	1.268951	-5.873347
25	-6.396785	-5.342173	-13.281125	37.23923	2.869543	20.577011	-23.414845	0.876867	-6.564567
26	-4.039399	-5.340758	-12.754213	35.058566	3.395303	20.58883	-22.023477	0.476326	-7.387507
27	-1.568336	-5.292524	-12.008356	32.788639	3.893104	20.652339	-20.308926	0.078488	-8.333799
28	0.950431	-5.184694	-11.050281	30.475639	4.358751	20.82305	-18.262219	-0.343274	-9.388474
29	3.426991	-4.98225	-9.911062	28.180987	4.807021	21.234706	-15.846756	-0.835119	-10.59458
30	5.792485	-4.679392	-8.669823	25.972122	5.231972	21.88943	-13.165098	-1.395269	-11.926662
31	8.005529	-4.249923	-7.344465	23.913804	5.559757	22.692568	-10.272204	-1.995715	-13.301246
32	10.043711	-3.674871	-5.972941	22.050923	5.69803	23.517109	-7.220885	-2.615482	-14.602751
33	11.84388	-2.967313	-4.648361	20.447834	5.602902	24.289185	-4.052276	-3.294862	-15.690988
34	13.393438	-2.23344	-3.455922	19.090198	5.38696	24.992811	-0.852535	-4.051971	-16.485513
35	14.637216	-1.569633	-2.435007	18.013962	5.151693	25.580499	2.280586	-4.858976	-16.927699
36	15.527127	-1.048522	-1.577861	17.27458	4.988185	25.992784	5.223111	-5.692831	-17.006453
37	15.998717	-0.766944	-0.963561	16.968226	4.991336	26.259976	7.844635	-6.572766	-16.656575
38	16.159916	-0.752252	-0.66987	17.023344	5.179301	26.557367	10.168167	-7.427693	-15.946603
39	16.060026	-1.020569	-0.751612	17.441015	5.573692	26.969809	12.114114	-8.071865	-14.93738
40	15.732004	-1.526296	-1.181623	18.255114	6.189497	27.486916	13.520964	-8.340775	-13.777521
41	15.185973	-2.180905	-1.889593	19.580077	7.032413	28.004837	14.125433	-8.174446	-12.689374
42	14.525831	-2.857252	-2.743822	21.333299	7.985214	28.432821	14.06036	-7.766835	-11.78395
43	13.815513	-3.501301	-3.704892	23.468721	8.989154	28.753385	13.490258	-7.2555	-11.079227
44	13.096383	-4.071811	-4.691812	25.940005	10.036888	28.945974	12.62967	-6.751389	-10.575793
45	12.407861	-4.500155	-5.540824	28.759318	11.136222	28.897169	11.664711	-6.353014	-10.282607
46	11.777481	-4.772031	-6.168016	31.844613	12.224518	28.54461	10.721898	-6.093972	-10.090865
47	11.217325	-4.875458	-6.526784	35.164662	13.26387	27.861029	9.841194	-5.988158	-9.962563
48	10.720385	-4.812913	-6.605281	38.682776	14.282372	26.894194	9.063461	-6.016353	-9.938638
49	10.271484	-4.568775	-6.392533	42.379426	15.346525	25.695178	8.500473	-6.117119	-10.089096
50	9.831735	-4.178334	-5.970878	46.204226	16.476299	24.333145	8.198935	-6.173581	-10.342452
51	9.372602	-3.672071	-5.401448	50.138333	17.637239	22.821899	8.174836	-6.101706	-10.602421
52	8.876196	-3.110849	-4.795141	54.13523	18.743401	21.227569	8.321096	-5.912523	-10.776213
53	8.316262	-2.548654	-4.281267	58.151491	19.665365	19.645255	8.388603	-5.730129	-10.750344
54	7.656539	-2.00037	-3.880003	62.179533	20.375121	18.108214	8.276583	-5.577326	-10.497494
55	6.815873	-1.465478	-3.5681	66.23461	20.879189	16.606191	7.984696	-5.404862	-10.054637
56	5.703688	-0.929063	-3.342046	70.317069	21.214664	15.157014	7.48846	-5.21951	-9.540286
57	4.191437	-0.32496	-3.28991	74.395225	21.396966	13.868811	6.748673	-5.042127	-9.023751
58	2.319047	0.415975	-3.418081	78.420225	21.456817	12.76141	5.886792	-4.846125	-8.487856
59	0.135059	1.31456	-3.646178	82.331393	21.394945	11.778269	5.040602	-4.598366	-7.946498
60	-2.274935	2.317487	-3.849848	86.071483	21.240273	10.825651	4.296204	-4.266363	-7.473567
61	-4.831683	3.33341	-3.916888	89.572124	21.039703	9.813149	3.645224	-3.815762	-7.179864
62	-7.436725	4.273696	-3.864508	92.839404	20.829974	8.749914	3.016763	-3.30141	-7.06121
63	-10.034812	5.0626	-3.743417	95.818512	20.606172	7.71394	2.390852	-2.785275	-7.095425
64	-12.563308	5.638415	-3.632024	98.430652	20.347425	6.795618	1.803208	-2.30199	-7.218614
65	-14.947279	5.938398	-3.639845	100.528136	20.019516	6.088262	1.340495	-1.838539	-7.314047
66	-17.190806	6.037854	-3.780086	102.144312	19.617171	5.61845	0.991865	-1.373413	-7.307043
67	-19.326564	6.040367	-4.025185	103.284824	19.13355	5.431826	0.67508	-0.924256	-7.178032
68	-21.400967	6.078851	-4.348415	103.984173	18.586263	5.541401	0.286737	-0.524416	-6.941003
69	-23.41559	6.265262	-4.743884	104.205395	18.037917	5.973663	-0.264323	-0.215117	-6.678213
70	-25.3829	6.562519	-5.150047	104.037302	17.557361	6.605336	-0.993727	-0.018688	-6.517475
71	-27.31645	6.886253	-5.497046	103.49161	17.185966	7.3401	-1.933492	0.016712	-6.514195
72	-29.210341	7.144111	-5.758168	102.565616	16.963288	8.116472	-3.011662	-0.101361	-6.650772
73	-30.994535	7.237218	-5.994926	101.175421	16.994551	8.951342	-4.017265	-0.306037	-6.878524
74	-32.587983	7.149367	-6.293733	99.365124	17.308584	9.886532	-4.890907	-0.56329	-7.166313
75	-33.916894	6.868003	-6.638595	97.122579	17.894709	10.92921	-5.66005	-0.877252	-7.523846
76	-34.954154	6.411632	-6.999741	94.446452	18.659467	12.092078	-6.309549	-1.215552	-7.919203
77	-35.67775	5.830668	-7.430069	91.290357	19.479722	13.46119	-6.804818	-1.498712	-8.376366
78	-36.188705	5.207106	-7.935363	87.769694	20.26513	15.018336	-7.194482	-1.662297	-8.96521
79	-36.53374	4.564792	-8.47037	83.932954	20.943618	16.724392	-7.513674	-1.731485	-9.578856
80	-36.728915	3.922611	-9.008239	79.814511	21.444084	18.561981	-7.852556	-1.846436	-9.996278
81	-36.752111	3.305601	-9.548133	75.389921	21.706689	20.556285	-8.356461	-2.144596	-10.174347
82	-36.645476	2.721888	-10.076811	70.737607	21.756638	22.638916	-8.950602	-2.530831	-10.323198
83	-36.429211	2.178482	-10.578208	65.907818	21.550418	24.724384	-9.470659	-2.901474	-10.464446
84	-36.104667	1.673758	-11.040818	60.946255	21.009049	26.715831	-9.820235	-3.228229	-10.557949
85	-35.622055	1.21659	-11.466782	55.85531	20.010408	28.515907	-10.006234	-3.569469	-10.637178
86	-34.975467	0.821086	-11.875368	50.659713	18.618966	30.117416	-10.094779	-3.918312	-10.717649
87	-34.155297	0.496552	-12.241482	45.378184	16.884382	31.470461	-10.08446	-4.243877	-10.821246
88	-33.168088	0.22573	-12.507915	40.044085	14.902814	32.514666	-9.995375	-4.595975	-11.021227
89	-32.031759	-0.027557	-12.566752	34.754047	12.777176	33.105877	-9.875131	-5.067055	-11.371518
90	-30.851758	-0.311933	-12.340485	29.679609	10.662235	33.205758	-9.791988	-5.68864	-11.863185
91	-29.711232	-0.654806	-11.744421	24.975841	8.705661	32.843194	-9.760666	-6.466729	-12.625491
92	-28.666152	-1.055548	-10.770379	20.736713	7.012931	32.212673	-9.744149	-7.370672	-13.812577
93	-27.765572	-1.496305	-9.46853	17.129815	5.617851	31.510255	-9.687525	-8.282029	-15.340743
94	-26.983126	-1.920644	-8.09425	14.116056	4.397819	30.852024	-9.579	-9.010909	-16.739315
95	-26.297655	-2.26503	-6.90839	11.702227	3.307945	30.334865	-9.430593	-9.473461	-17.670626
96	-25.692653	-2.475751	-6.174437	9.872826	2.37071	30.118974	-9.259935	-9.753182	-17.977664
97	-25.179775	-2.519206	-6.176573	8.709791	1.721694	30.461062	-9.095109	-10.092342	-17.73384
98	-24.761127	-2.490594	-6.747764	8.142456	1.420385	31.278364	-8.972623	-10.646125	-17.404317
99	-24.441559	-2.494249	-7.663704	8.198464	1.510797	32.38213	-8.890286	-11.33277	-17.265284
100	-24.19488	-2.608911	-8.703269	8.857304	1.973812	33.529655	-8.767594	-11.924404	-17.39351
