Time	Hip_Z	Hip_X	Hip_Y	Knee_Z	Knee_X	Knee_Y	Ankle_Z	Ankle_X	Ankle_Y
0	-29.579285	-1.289582	-6.810677	11.466208	6.782879	36.801003	-12.068571	-2.842641	-19.692796
1	-29.304322	-1.28916	-7.741191	12.833629	7.473093	36.526298	-10.580422	-1.683634	-18.912694
2	-28.955671	-1.35045	-8.582263	14.57148	8.150341	35.887807	-8.980768	-0.607107	-18.062981
3	-28.564992	-1.478543	-9.300593	16.609777	8.727567	34.862725	-7.665625	0.25697	-16.979104
4	-28.192902	-1.653701	-9.923272	18.857027	9.193864	33.632605	-6.848053	0.967587	-15.66648
5	-27.919277	-1.844241	-10.502211	21.289692	9.601548	32.429407	-6.626809	1.659509	-14.255686
6	-27.815288	-2.033016	-11.070898	23.954866	10.013869	31.379812	-7.056025	2.366392	-12.87944
7	-27.908792	-2.23485	-11.59693	26.866945	10.47851	30.480386	-8.10845	3.006111	-11.643286
8	-28.139757	-2.484378	-11.983485	29.905944	11.016462	29.670337	-9.636259	3.485853	-10.647289
9	-28.351929	-2.809011	-12.14878	32.827165	11.621629	28.903984	-11.420422	3.766336	-9.953229
10	-28.370013	-3.211877	-12.086157	35.390129	12.246785	28.133973	-13.269913	3.861412	-9.496497
11	-28.103613	-3.668958	-11.830346	37.481186	12.797768	27.286998	-15.065575	3.828142	-9.100132
12	-27.560322	-4.112464	-11.419755	39.085109	13.181446	26.350323	-16.730211	3.751647	-8.631266
13	-26.83423	-4.443869	-10.959513	40.283239	13.397446	25.474158	-18.241846	3.690738	-8.112969
14	-25.984276	-4.603768	-10.567694	41.117041	13.474868	24.833406	-19.608975	3.628677	-7.609811
15	-25.031431	-4.600806	-10.317651	41.620302	13.443653	24.513887	-20.842184	3.548383	-7.163191
16	-23.975727	-4.488907	-10.223503	41.830953	13.33422	24.504087	-21.933168	3.491316	-6.801214
17	-22.816852	-4.334432	-10.256941	41.792477	13.161846	24.715573	-22.877492	3.503179	-6.528229
18	-21.55959	-4.191932	-10.365557	41.541253	12.922988	25.017706	-23.680818	3.581648	-6.324131
19	-20.209942	-4.087988	-10.497321	41.088781	12.631113	25.313792	-24.331768	3.695684	-6.192389
20	-18.772937	-4.022474	-10.610732	40.432795	12.326569	25.56848	-24.80322	3.814336	-6.172199
21	-17.255437	-3.981577	-10.67312	39.582014	12.034219	25.756055	-25.076487	3.90761	-6.290904
22	-15.669605	-3.944644	-10.663633	38.557613	11.746766	25.840562	-25.136355	3.91998	-6.535491
23	-14.029016	-3.877661	-10.571559	37.375305	11.449631	25.81156	-24.933961	3.758601	-6.864719
24	-12.356193	-3.745816	-10.409333	36.069024	11.136621	25.711799	-24.46213	3.389425	-7.249802
25	-10.675978	-3.531685	-10.193598	34.665453	10.821341	25.601511	-23.754444	2.834219	-7.735991
26	-9.01387	-3.23447	-9.938313	33.184212	10.532473	25.555006	-22.81108	2.127769	-8.372163
27	-7.388122	-2.85838	-9.649005	31.644498	10.268483	25.618703	-21.591769	1.316561	-9.138993
28	-5.806519	-2.402385	-9.313374	30.066616	9.990708	25.784134	-20.099867	0.452462	-9.991392
29	-4.275001	-1.8615	-8.905697	28.474404	9.672749	26.023007	-18.379698	-0.425893	-10.902002
30	-2.801002	-1.23489	-8.398873	26.890682	9.322439	26.316206	-16.459057	-1.289076	-11.857289
31	-1.385599	-0.528477	-7.770488	25.329185	8.957286	26.648592	-14.348885	-2.10372	-12.856421
32	-0.021225	0.245793	-7.014289	23.798846	8.582272	27.00055	-12.068134	-2.844299	-13.910848
33	1.302902	1.067366	-6.150609	22.311539	8.193331	27.350902	-9.642235	-3.515355	-15.035996
34	2.594813	1.906527	-5.219305	20.890889	7.782936	27.674496	-7.092912	-4.133221	-16.220725
35	3.863189	2.723422	-4.277794	19.558915	7.347145	27.938267	-4.480501	-4.696718	-17.371111
36	5.11781	3.469837	-3.384629	18.318259	6.898178	28.117144	-1.894278	-5.196838	-18.364052
37	6.36447	4.088466	-2.594528	17.160637	6.466316	28.192422	0.593801	-5.626037	-19.117008
38	7.592195	4.524187	-1.954268	16.092022	6.098441	28.136487	2.946666	-5.964807	-19.595587
39	8.774616	4.735394	-1.499667	15.131522	5.855596	27.944694	5.139694	-6.201567	-19.818096
40	9.880819	4.707187	-1.238697	14.301313	5.796	27.669776	7.136357	-6.3692	-19.868139
41	10.872046	4.463423	-1.138329	13.649852	5.961402	27.389307	8.873152	-6.550264	-19.850152
42	11.699566	4.062802	-1.14416	13.266997	6.372468	27.158408	10.287438	-6.835702	-19.821696
43	12.317892	3.579334	-1.213914	13.257728	7.022934	26.999858	11.357525	-7.260174	-19.796371
44	12.69874	3.079995	-1.332381	13.706277	7.885016	26.921161	12.088882	-7.772447	-19.797111
45	12.825353	2.611073	-1.506294	14.680537	8.932801	26.920247	12.492557	-8.251497	-19.849489
46	12.713101	2.196809	-1.732456	16.189162	10.133092	26.932055	12.619413	-8.575447	-19.91536
47	12.395649	1.85634	-1.966905	18.206645	11.443437	26.813163	12.511689	-8.710006	-19.912248
48	11.909491	1.613329	-2.132346	20.689102	12.820016	26.433865	12.21323	-8.682545	-19.793435
49	11.30138	1.486383	-2.158984	23.533762	14.238008	25.795511	11.822625	-8.537625	-19.600029
50	10.616719	1.485223	-2.018468	26.612966	15.703946	24.997463	11.45387	-8.330787	-19.417389
51	9.88756	1.612408	-1.714663	29.83309	17.22591	24.105322	11.175255	-8.136063	-19.292537
52	9.133276	1.867735	-1.260248	33.144264	18.78517	23.114957	11.003445	-8.018644	-19.204013
53	8.359388	2.246484	-0.679117	36.521644	20.345971	22.004891	10.928272	-8.009316	-19.075536
54	7.55248	2.733259	-0.01048	39.957052	21.873851	20.768485	10.914845	-8.101347	-18.842948
55	6.688381	3.303649	0.699315	43.447397	23.340152	19.422154	10.895691	-8.247855	-18.515283
56	5.747307	3.929875	1.387175	46.976571	24.720001	18.019826	10.792851	-8.365308	-18.144546
57	4.727802	4.579892	1.990662	50.509684	25.989558	16.626976	10.562411	-8.351288	-17.775861
58	3.641703	5.224887	2.500418	54.017446	27.119696	15.250711	10.207827	-8.128105	-17.440923
59	2.495901	5.832534	2.926113	57.480177	28.073768	13.866501	9.714532	-7.67374	-17.1659
60	1.288165	6.354637	3.256878	60.868793	28.83673	12.47195	9.019088	-7.049283	-16.952358
61	-0.008154	6.738655	3.471913	64.150569	29.431182	11.07823	8.074219	-6.329658	-16.784462
62	-1.452272	6.946582	3.553797	67.313118	29.900881	9.692716	6.910531	-5.535645	-16.657228
63	-3.107737	6.962818	3.475265	70.355613	30.277589	8.3434	5.614045	-4.66461	-16.574929
64	-4.996353	6.805823	3.208476	73.255299	30.567954	7.093676	4.288206	-3.732743	-16.54855
65	-7.077951	6.539698	2.76544	75.950112	30.76607	6.017562	3.015865	-2.794675	-16.590847
66	-9.268827	6.255069	2.214968	78.352946	30.861824	5.166286	1.834013	-1.942198	-16.694904
67	-11.478599	6.0286	1.641643	80.370763	30.843193	4.573822	0.748356	-1.257084	-16.831361
68	-13.64122	5.891426	1.111761	81.937531	30.70146	4.253504	-0.303653	-0.766424	-16.945435
69	-15.735832	5.816871	0.662848	83.058429	30.436036	4.170607	-1.457458	-0.46168	-16.973472
70	-17.765083	5.754589	0.302362	83.737673	30.076586	4.29354	-2.722405	-0.324612	-16.906268
71	-19.735638	5.652175	0.00596	83.985645	29.705385	4.596974	-3.91604	-0.297449	-16.80425
72	-21.641151	5.479066	-0.276324	83.810387	29.393945	5.078227	-4.882653	-0.331823	-16.726345
73	-23.46091	5.238986	-0.60874	83.212628	29.160882	5.765228	-5.614854	-0.408501	-16.707787
74	-25.174945	4.957046	-1.034407	82.191261	28.99467	6.683439	-6.173574	-0.510979	-16.773668
75	-26.773525	4.659608	-1.560126	80.75195	28.876005	7.831278	-6.624755	-0.626965	-16.899078
76	-28.250715	4.368725	-2.174668	78.905745	28.780202	9.196073	-7.021195	-0.747944	-17.007635
77	-29.600306	4.0953	-2.848799	76.667724	28.672265	10.752578	-7.386912	-0.853553	-17.056529
78	-30.818742	3.826304	-3.53349	74.054604	28.511359	12.449797	-7.723705	-0.920004	-17.07536
79	-31.902317	3.527569	-4.189003	71.075559	28.265317	14.233264	-8.062538	-0.953414	-17.091939
80	-32.855107	3.172211	-4.807731	67.770637	27.921639	16.063967	-8.489504	-1.008894	-17.068922
81	-33.667444	2.746566	-5.385675	64.159874	27.488215	17.931632	-9.028285	-1.135265	-16.977692
82	-34.325577	2.251842	-5.917649	60.2505	27.006329	19.86987	-9.546521	-1.304109	-16.87803
83	-34.813851	1.705899	-6.413206	56.054307	26.463203	21.916884	-9.898194	-1.435945	-16.853826
84	-35.11589	1.146559	-6.904389	51.640293	25.713225	24.017404	-10.099328	-1.492086	-16.891385
85	-35.218554	0.626871	-7.425711	47.116723	24.581315	26.03994	-10.272088	-1.484347	-16.920162
86	-35.117667	0.197973	-7.987436	42.557384	23.028242	27.904273	-10.490178	-1.439235	-16.945735
87	-34.820963	-0.098685	-8.579158	37.997611	21.143848	29.621471	-10.738011	-1.391566	-17.053756
88	-34.351009	-0.231804	-9.181481	33.492082	19.03068	31.212534	-10.971827	-1.39267	-17.312784
89	-33.74833	-0.199117	-9.750015	29.13517	16.777205	32.649849	-11.169821	-1.52306	-17.738896
90	-33.076315	-0.053394	-10.185437	25.048077	14.518447	33.876223	-11.3417	-1.902455	-18.338969
91	-32.42041	0.101249	-10.388041	21.312818	12.412864	34.873935	-11.525396	-2.573509	-19.076148
92	-31.84927	0.188651	-10.293912	18.022537	10.567068	35.61833	-11.756969	-3.452814	-19.866107
93	-31.403593	0.177772	-9.906553	15.25534	9.027981	36.107162	-12.040893	-4.303457	-20.585606
94	-31.098591	0.070717	-9.278548	13.068622	7.812991	36.368718	-12.347454	-4.841152	-21.113106
95	-30.935526	-0.11677	-8.49384	11.502385	6.936147	36.434085	-12.649063	-4.903983	-21.352332
96	-30.892684	-0.348073	-7.691459	10.556603	6.400664	36.340184	-12.925343	-4.538226	-21.244657
97	-30.912981	-0.5562	-7.068639	10.16756	6.181523	36.163379	-13.087835	-3.89285	-20.7728
98	-30.919625	-0.668056	-6.804643	10.231054	6.23125	36.023632	-12.918349	-3.051307	-20.004108
99	-30.854334	-0.655837	-6.952514	10.670405	6.505791	36.01183	-12.154712	-1.99587	-19.130852
100	-30.70209	-0.561123	-7.408001	11.486997	6.97704	36.088534	-10.719158	-0.743362	-18.379242
