Time	Hip_Z	Hip_X	Hip_Y	Knee_Z	Knee_X	Knee_Y	Ankle_Z	Ankle_X	Ankle_Y
0	-25.459668	-1.1653	-8.15068	12.402313	7.676429	21.745094	-6.474441	-4.077876	-12.913663
1	-25.28774	-1.340754	-8.87393	14.946328	8.009967	21.147321	-5.915035	-3.281347	-12.137428
2	-25.232081	-1.425183	-9.534282	17.673816	7.94252	20.31095	-5.310775	-1.903214	-11.024229
3	-25.272089	-1.450885	-10.051756	20.513582	7.310136	19.042543	-5.071339	-0.034167	-9.335855
4	-25.43368	-1.483647	-10.357019	23.43452	6.21631	17.423492	-5.52225	2.064292	-7.20165
5	-25.742861	-1.58002	-10.496059	26.400446	5.067944	15.850937	-6.641279	4.018073	-5.086228
6	-26.15948	-1.782648	-10.586034	29.346847	4.308845	14.703232	-8.190585	5.47825	-3.43016
7	-26.553767	-2.13951	-10.677693	32.171433	4.078814	13.972383	-9.98157	6.282906	-2.321455
8	-26.767271	-2.692888	-10.763219	34.735976	4.201239	13.349152	-11.895323	6.505024	-1.556284
9	-26.711403	-3.430694	-10.855266	36.905856	4.443325	12.603692	-13.802635	6.358436	-0.917564
10	-26.412754	-4.244541	-10.990286	38.609484	4.668165	11.767441	-15.582718	6.062281	-0.322538
11	-25.954582	-4.932899	-11.203119	39.803988	4.811546	11.078828	-17.148506	5.773109	0.175147
12	-25.3746	-5.347651	-11.484454	40.532101	4.852882	10.740955	-18.500927	5.562775	0.510652
13	-24.569714	-5.443416	-11.815743	40.775168	4.760157	10.814105	-19.64835	5.449244	0.687953
14	-23.407664	-5.2723	-12.173695	40.523136	4.517617	11.226821	-20.591522	5.415917	0.757086
15	-21.845074	-4.9417	-12.527081	39.809759	4.167769	11.834312	-21.318219	5.406446	0.746033
16	-19.943884	-4.557338	-12.838079	38.711148	3.801431	12.483732	-21.817946	5.346573	0.644514
17	-17.814041	-4.202714	-13.042258	37.32448	3.496508	13.032484	-22.082607	5.179794	0.435469
18	-15.559787	-3.940065	-13.050448	35.748721	3.272985	13.335927	-22.091008	4.86759	0.137967
19	-13.259077	-3.799133	-12.819138	34.054462	3.122068	13.300223	-21.803909	4.378498	-0.194199
20	-10.971669	-3.768345	-12.380241	32.269297	3.058812	12.951643	-21.175431	3.716286	-0.532498
21	-8.753355	-3.807474	-11.762669	30.39609	3.145233	12.418033	-20.151644	2.932476	-0.950614
22	-6.619226	-3.864896	-10.989359	28.453242	3.401236	11.870498	-18.79167	2.101814	-1.555529
23	-4.553802	-3.907127	-10.061717	26.449667	3.796815	11.402307	-17.133153	1.267814	-2.380169
24	-2.525478	-3.89732	-8.992438	24.382644	4.270072	11.071256	-15.179023	0.470486	-3.395468
25	-0.510561	-3.79907	-7.806777	22.235433	4.754676	10.920912	-12.889295	-0.293089	-4.574016
26	1.488085	-3.589102	-6.53253	19.992789	5.183712	10.981381	-10.192026	-1.08326	-5.913768
27	3.443132	-3.261043	-5.191422	17.665693	5.506634	11.275883	-7.066194	-1.916858	-7.464651
28	5.317673	-2.829005	-3.811178	15.304974	5.709594	11.81988	-3.633374	-2.700044	-9.318325
29	7.075015	-2.330555	-2.439335	12.996956	5.804104	12.58992	-0.124003	-3.319834	-11.462786
30	8.678927	-1.820908	-1.140679	10.861656	5.802869	13.452215	3.216258	-3.748533	-13.62663
31	10.070116	-1.370833	-0.009389	9.088997	5.723769	14.126146	6.104806	-4.036364	-15.339463
32	11.214773	-1.029083	0.899746	7.809627	5.631185	14.462095	8.388226	-4.308697	-16.387038
33	12.064219	-0.812557	1.572972	7.141031	5.592994	14.545894	10.043974	-4.677147	-16.738859
34	12.592832	-0.707375	2.033603	7.153605	5.653993	14.593376	11.193403	-5.173134	-16.477413
35	12.816512	-0.697348	2.293677	7.851351	5.842776	14.832299	11.960412	-5.718695	-15.854286
36	12.780356	-0.787141	2.336968	9.189016	6.20027	15.41107	12.350796	-6.185549	-15.219518
37	12.538177	-0.991206	2.148023	11.094586	6.775835	16.335651	12.320396	-6.483239	-14.830028
38	12.137714	-1.313858	1.742086	13.471894	7.601276	17.495489	11.931876	-6.611277	-14.758993
39	11.614752	-1.744497	1.167242	16.218066	8.682105	18.741016	11.368414	-6.65098	-14.927194
40	11.002435	-2.25405	0.492767	19.255686	9.998912	19.917079	10.806389	-6.713235	-15.172643
41	10.340191	-2.790039	-0.19642	22.57221	11.498475	20.815009	10.330943	-6.869245	-15.293461
42	9.682109	-3.283185	-0.817534	26.151046	13.038016	21.280976	9.928286	-7.061293	-15.16398
43	9.075369	-3.67184	-1.305497	30.003993	14.471421	21.224907	9.572929	-7.166162	-14.75134
44	8.557308	-3.913318	-1.606847	34.116615	15.690539	20.643141	9.252416	-7.086145	-14.111395
45	8.149583	-3.998895	-1.703417	38.430528	16.65414	19.608319	8.975405	-6.811577	-13.364233
46	7.854258	-3.946593	-1.625309	42.867447	17.359232	18.232771	8.766597	-6.403931	-12.619701
47	7.645908	-3.785341	-1.420659	47.367782	17.823054	16.627203	8.630205	-5.951799	-11.938737
48	7.473364	-3.546708	-1.127023	51.897853	18.111496	14.898509	8.504165	-5.550441	-11.357143
49	7.275084	-3.256268	-0.769063	56.444935	18.31555	13.131845	8.300326	-5.278561	-10.879548
50	6.99053	-2.926938	-0.361097	61.013611	18.455304	11.354577	8.010323	-5.150932	-10.484797
51	6.553015	-2.560498	0.08718	65.601059	18.419428	9.564019	7.703257	-5.093079	-10.131425
52	5.946877	-2.161461	0.538933	70.156014	18.12209	7.822694	7.397519	-4.976901	-9.754744
53	5.168437	-1.730871	0.940416	74.607756	17.635225	6.259125	7.03541	-4.742556	-9.409329
54	4.217091	-1.27031	1.244483	78.907516	17.143074	4.974384	6.585973	-4.406558	-9.276974
55	3.107011	-0.772845	1.423277	83.027108	16.728148	3.999602	6.089663	-3.990606	-9.482541
56	1.886253	-0.221979	1.461253	86.936511	16.321268	3.334605	5.60293	-3.486284	-9.970023
57	0.62492	0.38785	1.376189	90.598639	15.816033	2.953533	5.12503	-2.902479	-10.517622
58	-0.648335	1.042204	1.237726	93.988603	15.144188	2.785444	4.592372	-2.287904	-10.870067
59	-2.014761	1.715119	1.108985	97.117855	14.28075	2.765239	3.964333	-1.670269	-10.899493
60	-3.632705	2.369658	0.983501	100.022076	13.290343	2.878487	3.27427	-1.040548	-10.658146
61	-5.657052	2.956302	0.793294	102.704065	12.364641	3.119181	2.588667	-0.417234	-10.308637
62	-8.049401	3.456041	0.491382	105.151103	11.624745	3.449527	1.95483	0.167771	-9.999136
63	-10.685997	3.871205	0.078403	107.289683	11.049835	3.864108	1.381393	0.71006	-9.816029
64	-13.390921	4.211134	-0.408082	109.032458	10.572513	4.356935	0.837024	1.207382	-9.804037
65	-16.015258	4.483927	-0.916093	110.310523	10.128541	4.908039	0.274464	1.656974	-9.913773
66	-18.499529	4.700716	-1.397989	111.086842	9.674206	5.498032	-0.30043	2.073829	-10.062179
67	-20.871435	4.874523	-1.829864	111.356786	9.191081	6.115966	-0.803391	2.454185	-10.215512
68	-23.179799	5.011968	-2.200314	111.133321	8.660173	6.76086	-1.153497	2.745033	-10.34495
69	-25.440159	5.10683	-2.494506	110.425567	8.0674	7.43501	-1.324677	2.889618	-10.400869
70	-27.654372	5.147687	-2.727063	109.252941	7.436208	8.126478	-1.324358	2.901103	-10.365481
71	-29.825635	5.123586	-2.972017	107.630634	6.859266	8.795548	-1.183616	2.857976	-10.297021
72	-31.913777	5.05079	-3.323139	105.634907	6.496657	9.402793	-1.019957	2.764252	-10.33026
73	-33.833256	4.954082	-3.808736	103.28397	6.460918	9.935651	-0.978259	2.552108	-10.493151
74	-35.514719	4.835106	-4.353224	100.590686	6.686068	10.413785	-1.102796	2.256889	-10.636336
75	-36.92826	4.679525	-4.88531	97.566872	7.044478	10.892511	-1.291379	1.988756	-10.628467
76	-38.090798	4.495817	-5.412741	94.236988	7.5066	11.444889	-1.442874	1.801586	-10.485697
77	-39.04848	4.299292	-5.953961	90.638825	8.095776	12.121103	-1.548976	1.683058	-10.265756
78	-39.833735	4.088297	-6.50577	86.801673	8.815101	12.941611	-1.655897	1.604333	-9.999389
79	-40.455048	3.855166	-7.06298	82.739102	9.647594	13.910788	-1.814179	1.533324	-9.723149
80	-40.908826	3.60748	-7.629419	78.453293	10.565875	15.041385	-2.081587	1.42785	-9.467205
81	-41.170413	3.383788	-8.227599	73.911954	11.524886	16.402022	-2.510844	1.256536	-9.259413
82	-41.252578	3.213831	-8.867841	69.10801	12.477114	18.02142	-3.047821	1.043724	-9.148095
83	-41.158502	3.088485	-9.533666	64.011841	13.394648	19.893174	-3.61133	0.827421	-9.20862
84	-40.876333	2.970018	-10.188209	58.603781	14.211902	21.961922	-4.102811	0.644474	-9.516163
85	-40.378056	2.823065	-10.787107	52.888748	14.781715	24.130395	-4.425383	0.5265	-10.051009
86	-39.652019	2.637152	-11.264078	46.935409	14.911569	26.248313	-4.560786	0.472219	-10.704998
87	-38.733901	2.402202	-11.500835	40.915519	14.470413	28.077499	-4.571274	0.418795	-11.403703
88	-37.701057	2.066289	-11.345464	35.07404	13.458087	29.269615	-4.520888	0.278941	-12.100919
89	-36.650159	1.551504	-10.675892	29.665692	12.013345	29.448097	-4.461881	-0.026493	-12.701793
90	-35.660605	0.835883	-9.478185	24.897212	10.363055	28.436911	-4.472132	-0.560798	-13.091099
91	-34.754342	0.030702	-7.943536	20.908761	8.752387	26.46818	-4.638235	-1.339753	-13.250732
92	-33.884553	-0.660779	-6.517177	17.565411	7.38209	24.337979	-4.941061	-2.250046	-13.385037
93	-33.004951	-1.115802	-5.573874	14.748666	6.38542	22.713227	-5.302615	-3.146744	-13.710902
94	-32.078208	-1.322264	-5.301527	12.387282	5.793841	21.919605	-5.635418	-3.876134	-14.302676
95	-31.089536	-1.353231	-5.671624	10.494832	5.542495	21.891206	-5.887218	-4.335457	-15.049304
96	-30.068728	-1.323633	-6.506434	9.166787	5.543502	22.319983	-6.051297	-4.515349	-15.737325
97	-29.094181	-1.343323	-7.58115	8.538811	5.744304	22.838035	-6.149264	-4.498506	-16.144883
98	-28.262124	-1.472108	-8.708239	8.719394	6.115267	23.156728	-6.196076	-4.398541	-16.124738
99	-27.642171	-1.702563	-9.767088	9.72963	6.605184	23.138689	-6.150457	-4.247344	-15.668642
100	-27.252256	-1.981814	-10.684829	11.480831	7.125694	22.7829	-5.895956	-3.924178	-14.88799
