Time	Hip_Z	Hip_X	Hip_Y	Knee_Z	Knee_X	Knee_Y	Ankle_Z	Ankle_X	Ankle_Y
0	-30.180649	0.314305	-7.317307	12.038466	7.551846	34.915931	-12.127129	-3.262365	-19.974155
1	-29.885281	0.369577	-8.067233	13.374443	8.208911	34.986837	-10.412629	-2.244322	-19.31999
2	-29.493931	0.366293	-8.747552	15.003073	8.783077	34.718645	-8.608112	-1.24258	-18.561435
3	-29.05833	0.282539	-9.312261	16.897513	9.219732	34.005896	-7.127006	-0.388239	-17.542879
4	-28.648009	0.115305	-9.761171	19.018417	9.539038	32.945921	-6.197871	0.351427	-16.266927
5	-28.339085	-0.113685	-10.134316	21.379657	9.812761	31.740028	-5.937818	1.07495	-14.865175
6	-28.194557	-0.371219	-10.489759	24.042122	10.106574	30.552765	-6.4036	1.804867	-13.467034
7	-28.23166	-0.648129	-10.83895	27.004755	10.459991	29.461793	-7.536548	2.466702	-12.187272
8	-28.382821	-0.973961	-11.113026	30.109046	10.903609	28.484885	-9.142564	2.980683	-11.172163
9	-28.495932	-1.39022	-11.222569	33.076447	11.450603	27.588795	-10.979112	3.312192	-10.508446
10	-28.410159	-1.912089	-11.133997	35.653735	12.05913	26.686998	-12.86412	3.433478	-10.104877
11	-28.05157	-2.505916	-10.868645	37.726195	12.642732	25.703418	-14.690087	3.347475	-9.767928
12	-27.446126	-3.078981	-10.468501	39.285717	13.117997	24.663539	-16.365508	3.155306	-9.356966
13	-26.69259	-3.516825	-10.029827	40.443301	13.439837	23.708053	-17.871054	2.97812	-8.849815
14	-25.834308	-3.746902	-9.66197	41.265903	13.57793	22.988243	-19.234661	2.841891	-8.286
15	-24.874241	-3.767825	-9.446175	41.786535	13.550604	22.608108	-20.460452	2.753321	-7.731273
16	-23.809615	-3.641015	-9.409609	42.023745	13.42857	22.591043	-21.528954	2.727364	-7.257228
17	-22.642305	-3.448829	-9.539715	41.997678	13.277924	22.882317	-22.444826	2.760123	-6.923245
18	-21.373173	-3.257894	-9.797649	41.730253	13.121847	23.380325	-23.224652	2.831165	-6.766462
19	-20.004243	-3.106376	-10.113654	41.243307	12.951262	23.960638	-23.853299	2.923185	-6.788394
20	-18.545276	-3.005004	-10.40079	40.562156	12.748432	24.494229	-24.294669	3.009213	-6.952707
21	-17.015093	-2.941276	-10.601269	39.714191	12.509021	24.891516	-24.526066	3.03306	-7.210939
22	-15.43811	-2.887281	-10.711896	38.725577	12.246033	25.133263	-24.536834	2.92834	-7.515462
23	-13.838317	-2.809374	-10.74726	37.613554	11.971546	25.242619	-24.299272	2.651295	-7.83784
24	-12.239046	-2.683609	-10.706725	36.404453	11.690631	25.267992	-23.794306	2.218433	-8.196821
25	-10.662629	-2.498709	-10.578173	35.123937	11.412455	25.258602	-22.995869	1.64948	-8.640251
26	-9.13114	-2.252898	-10.364932	33.800892	11.145716	25.260879	-21.915937	0.968445	-9.197196
27	-7.65345	-1.945982	-10.071786	32.455241	10.872558	25.285209	-20.604388	0.220886	-9.84688
28	-6.221604	-1.571604	-9.683869	31.085298	10.564599	25.321468	-19.095189	-0.54597	-10.561914
29	-4.823423	-1.120549	-9.172851	29.680446	10.223397	25.380049	-17.397539	-1.304429	-11.340268
30	-3.450823	-0.586506	-8.514027	28.241214	9.876275	25.482158	-15.515382	-2.038982	-12.179659
31	-2.096792	0.030901	-7.708249	26.775097	9.543843	25.648805	-13.451063	-2.729488	-13.093124
32	-0.752395	0.724351	-6.788773	25.290339	9.21945	25.890695	-11.223162	-3.359823	-14.108222
33	0.586407	1.478183	-5.801742	23.805951	8.879776	26.184582	-8.877151	-3.940772	-15.218461
34	1.914796	2.265804	-4.804923	22.352899	8.498111	26.488574	-6.451311	-4.495512	-16.374993
35	3.226994	3.041301	-3.870071	20.960102	8.060812	26.770583	-3.964193	-5.025277	-17.486081
36	4.515978	3.750357	-3.037607	19.651398	7.582532	26.989645	-1.446492	-5.508678	-18.433686
37	5.776191	4.33511	-2.323289	18.436049	7.097226	27.095059	1.044901	-5.915792	-19.121636
38	7.007038	4.742171	-1.751121	17.304359	6.649377	27.07434	3.458173	-6.21951	-19.53454
39	8.200393	4.932972	-1.34381	16.252199	6.298198	26.95812	5.741659	-6.420205	-19.726382
40	9.333762	4.891324	-1.102743	15.298225	6.11377	26.79704	7.826999	-6.560208	-19.776738
41	10.375741	4.626826	-1.019129	14.484029	6.154299	26.654893	9.65087	-6.715057	-19.759745
42	11.287817	4.176474	-1.083898	13.876675	6.443856	26.590383	11.173793	-6.962913	-19.715117
43	12.027239	3.602321	-1.279081	13.568066	6.971247	26.625366	12.366595	-7.34183	-19.646878
44	12.55634	2.97894	-1.576745	13.66	7.705658	26.741442	13.196707	-7.822291	-19.55927
45	12.836041	2.378022	-1.947018	14.268102	8.6221	26.898024	13.645277	-8.301315	-19.474729
46	12.854247	1.855109	-2.34569	15.455713	9.692127	27.019246	13.760322	-8.653439	-19.403429
47	12.63719	1.441131	-2.723414	17.21248	10.877809	27.005711	13.600779	-8.834174	-19.31896
48	12.230898	1.154611	-3.028264	19.480547	12.140619	26.78399	13.229449	-8.869685	-19.201851
49	11.688526	1.007429	-3.198865	22.152205	13.461921	26.350487	12.750263	-8.811592	-19.09365
50	11.055203	1.006906	-3.174032	25.108863	14.848403	25.73263	12.274785	-8.713048	-19.060892
51	10.366055	1.151874	-2.918322	28.255895	16.306272	24.932613	11.881914	-8.617991	-19.117986
52	9.6453	1.429685	-2.44174	31.530015	17.823378	23.939617	11.616097	-8.55073	-19.216565
53	8.900177	1.818851	-1.792991	34.892423	19.373081	22.758893	11.500197	-8.521797	-19.27799
54	8.116049	2.295393	-1.034273	38.324246	20.923524	21.413889	11.531011	-8.537398	-19.236499
55	7.260709	2.836987	-0.225674	41.820748	22.440366	19.942716	11.670951	-8.582872	-19.08178
56	6.294941	3.4254	0.575517	45.376308	23.884768	18.402407	11.82511	-8.627	-18.852797
57	5.197695	4.044117	1.317025	48.961209	25.221766	16.876062	11.813437	-8.666522	-18.583178
58	3.987062	4.674046	1.967178	52.525234	26.426597	15.432344	11.543101	-8.646733	-18.28454
59	2.706077	5.288339	2.519393	56.019179	27.470824	14.088128	11.05575	-8.439681	-17.977333
60	1.400722	5.846572	2.988605	59.409259	28.338758	12.80786	10.356431	-8.016686	-17.682899
61	0.078204	6.298229	3.380018	62.679959	29.047721	11.542233	9.401554	-7.443559	-17.444852
62	-1.321819	6.602974	3.669243	65.83347	29.642033	10.258501	8.238133	-6.726041	-17.357205
63	-2.905199	6.743977	3.813158	68.878564	30.157891	8.955479	6.986909	-5.828793	-17.485756
64	-4.739342	6.722837	3.78006	71.794284	30.59498	7.677342	5.746066	-4.7669	-17.775497
65	-6.790009	6.567617	3.561381	74.505365	30.929006	6.518459	4.53387	-3.63531	-18.090246
66	-8.951925	6.343254	3.156205	76.906842	31.150283	5.601402	3.276767	-2.605739	-18.333345
67	-11.119999	6.135505	2.581637	78.900679	31.263517	5.02563	1.894636	-1.85267	-18.470432
68	-13.227984	6.017536	1.907303	80.434732	31.254066	4.812092	0.447967	-1.41617	-18.461864
69	-15.260298	6.005611	1.23074	81.533789	31.108974	4.895557	-0.897186	-1.181341	-18.280488
70	-17.22173	6.071648	0.612936	82.208915	30.859118	5.224716	-2.053547	-1.047871	-17.955273
71	-19.124992	6.160218	0.065331	82.460131	30.585429	5.767698	-3.040744	-0.957275	-17.568199
72	-20.985062	6.214047	-0.420472	82.284857	30.353166	6.492466	-3.897979	-0.864415	-17.192253
73	-22.80186	6.197987	-0.858336	81.685042	30.183774	7.371822	-4.637454	-0.742916	-16.890102
74	-24.5494	6.106317	-1.280407	80.659473	30.090974	8.410321	-5.256073	-0.610493	-16.73484
75	-26.194614	5.950264	-1.722923	79.205684	30.086851	9.629268	-5.748874	-0.501476	-16.742091
76	-27.715513	5.74562	-2.211176	77.331504	30.145352	11.040767	-6.134905	-0.426609	-16.82578
77	-29.103207	5.504224	-2.762071	75.055104	30.208667	12.640608	-6.46483	-0.382901	-16.89657
78	-30.356669	5.222942	-3.372013	72.38377	30.239759	14.411617	-6.78188	-0.380599	-16.953312
79	-31.461406	4.881353	-3.981873	69.2922	30.226774	16.33636	-7.125807	-0.45847	-17.015796
80	-32.399029	4.459436	-4.49996	65.802972	30.128431	18.369925	-7.535601	-0.623822	-17.048368
81	-33.149232	3.938186	-4.88009	61.964023	29.872978	20.454928	-7.97524	-0.817609	-17.029872
82	-33.70219	3.315467	-5.150701	57.843694	29.408937	22.553886	-8.338021	-0.963036	-16.988454
83	-34.045893	2.617219	-5.38575	53.499932	28.687353	24.65727	-8.561715	-1.02808	-16.964035
84	-34.167297	1.893254	-5.6569	49.002414	27.625694	26.727381	-8.673351	-1.02899	-16.972378
85	-34.066315	1.197094	-5.995982	44.446341	26.146859	28.671026	-8.748427	-1.007869	-17.013323
86	-33.764687	0.574489	-6.391649	39.922171	24.257598	30.395975	-8.850451	-1.003523	-17.124585
87	-33.30074	0.073298	-6.821331	35.501982	22.042958	31.865174	-8.990863	-1.033763	-17.372961
88	-32.71745	-0.25629	-7.273724	31.256383	19.603735	33.084245	-9.158635	-1.143659	-17.78576
89	-32.059106	-0.387502	-7.737953	27.246926	17.064289	34.098254	-9.369362	-1.471138	-18.364281
90	-31.382603	-0.343329	-8.170721	23.526115	14.613469	35.005147	-9.647378	-2.169698	-19.156841
91	-30.752898	-0.213305	-8.493749	20.117717	12.410081	35.9059	-9.966181	-3.189785	-20.184428
92	-30.222088	-0.073559	-8.622788	17.100378	10.525231	36.789666	-10.312865	-4.417348	-21.387724
93	-29.828535	0.020442	-8.503103	14.572902	8.96959	37.545598	-10.709739	-5.680499	-22.629527
94	-29.593489	0.031473	-8.13007	12.607868	7.742103	38.050336	-11.160476	-6.711758	-23.754528
95	-29.516305	-0.066713	-7.549941	11.233718	6.847996	38.21597	-11.637076	-7.259576	-24.593693
96	-29.572178	-0.281606	-6.866022	10.44059	6.297345	37.996219	-12.092841	-7.246792	-24.965394
97	-29.70267	-0.572071	-6.266891	10.161936	6.082467	37.461425	-12.432341	-6.773517	-24.746314
98	-29.816518	-0.842026	-5.995094	10.272317	6.151451	36.849944	-12.474241	-5.969134	-23.958483
99	-29.82926	-1.004477	-6.202391	10.660837	6.430631	36.428489	-11.982917	-4.852101	-22.773727
100	-29.707152	-1.053981	-6.833308	11.309773	6.869485	36.283911	-10.822801	-3.379241	-21.426711
