Time	Hip_Z	Hip_X	Hip_Y	Knee_Z	Knee_X	Knee_Y	Ankle_Z	Ankle_X	Ankle_Y
0	-32.362268	-1.050645	-5.555302	17.127262	4.0902	22.473851	2.529483	-11.75384	-13.84679
1	-31.379909	-1.016723	-6.065192	17.760434	4.249328	22.832175	2.989831	-11.11091	-14.235809
2	-30.354673	-1.223426	-6.420151	18.842444	4.331001	22.579055	3.111293	-9.568252	-13.95734
3	-29.316855	-1.68231	-6.565631	20.492644	4.118082	21.440526	2.363101	-6.961438	-12.80171
4	-28.304852	-2.37042	-6.50674	22.714101	3.424938	19.388139	0.55714	-3.494089	-10.732564
5	-27.347624	-3.248169	-6.308469	25.237009	2.312206	16.857609	-1.938377	0.224508	-8.129386
6	-26.454352	-4.284668	-6.078841	27.625671	1.2088	14.594081	-4.495508	3.52047	-5.781461
7	-25.678983	-5.497492	-5.958472	29.569054	0.776749	13.238392	-6.623051	5.979403	-4.503234
8	-25.160573	-6.883595	-6.016104	31.147237	1.241457	12.684625	-8.328685	7.591313	-4.28393
9	-25.049015	-8.365728	-6.219234	32.542812	2.334931	12.458504	-9.831598	8.417589	-4.613924
10	-25.338309	-9.787665	-6.502423	33.881563	3.575074	12.150015	-11.287981	8.63917	-4.952079
11	-25.781201	-10.97512	-6.810553	35.2059	4.493333	11.604182	-12.764968	8.530776	-4.933106
12	-26.034423	-11.76918	-7.091966	36.471986	4.831451	10.941638	-14.271839	8.31317	-4.47218
13	-25.822559	-12.008727	-7.276462	37.562063	4.570955	10.429034	-15.775447	8.106152	-3.728656
14	-25.06959	-11.687476	-7.328188	38.340035	3.923762	10.262288	-17.201348	7.954177	-3.005007
15	-23.876514	-10.986474	-7.294583	38.714635	3.128837	10.451442	-18.473601	7.849312	-2.504547
16	-22.36584	-10.108025	-7.245446	38.619771	2.324546	10.922946	-19.55224	7.739822	-2.245287
17	-20.645514	-9.223268	-7.230561	38.037818	1.586415	11.566146	-20.432729	7.558689	-2.136628
18	-18.789256	-8.444446	-7.263983	37.001359	0.97296	12.269017	-21.106015	7.29429	-2.110249
19	-16.852394	-7.837783	-7.338527	35.569372	0.553744	12.945178	-21.54809	6.957546	-2.137099
20	-14.892035	-7.425935	-7.458166	33.801953	0.398087	13.584981	-21.710337	6.517618	-2.242067
21	-12.956323	-7.164344	-7.625664	31.794873	0.484837	14.220934	-21.596718	5.951777	-2.484262
22	-11.071278	-7.008093	-7.809412	29.631927	0.749081	14.803165	-21.236072	5.254735	-2.84446
23	-9.23688	-6.902733	-7.94807	27.400877	1.100239	15.234984	-20.635549	4.479483	-3.201536
24	-7.422758	-6.789675	-7.996504	25.147371	1.464159	15.491862	-19.760784	3.72115	-3.448794
25	-5.590155	-6.614007	-7.949085	22.875184	1.788372	15.663674	-18.59333	3.057701	-3.584862
26	-3.71753	-6.317139	-7.824971	20.57272	2.003185	15.90735	-17.09334	2.55963	-3.695671
27	-1.821618	-5.892893	-7.666573	18.245205	2.063558	16.320277	-15.2786	2.231452	-3.870648
28	0.073641	-5.356299	-7.498118	15.914862	1.953855	16.951387	-13.140207	2.052021	-4.158767
29	1.942649	-4.752799	-7.328624	13.62158	1.702339	17.811262	-10.6915	1.983196	-4.590393
30	3.759412	-4.141337	-7.135573	11.419049	1.369305	18.867692	-7.969054	1.982824	-5.18122
31	5.491741	-3.566017	-6.850191	9.378878	1.024903	20.039791	-5.018836	1.958602	-5.929449
32	7.081262	-3.042804	-6.35356	7.618151	0.724201	21.182912	-1.89018	1.7567	-6.859836
33	8.480401	-2.548799	-5.588664	6.218441	0.473844	22.12938	1.281864	1.348061	-7.928295
34	9.648551	-2.060108	-4.563416	5.232351	0.262697	22.770794	4.363964	0.801029	-8.966672
35	10.555075	-1.578523	-3.329326	4.678873	0.099149	23.086537	7.257053	0.196878	-9.799799
36	11.187547	-1.127294	-1.963304	4.549124	0.001485	23.127117	9.874186	-0.346435	-10.369571
37	11.549978	-0.738648	-0.543054	4.824949	-0.012307	22.969189	12.152855	-0.705829	-10.724662
38	11.643681	-0.466117	0.844517	5.499595	0.108219	22.700433	14.07264	-0.815964	-10.938066
39	11.497125	-0.362426	2.106384	6.54008	0.433996	22.403614	15.666855	-0.713671	-11.035131
40	11.155737	-0.443339	3.192486	7.914358	1.007216	22.095075	16.945314	-0.509225	-10.987885
41	10.649799	-0.703732	4.08803	9.62717	1.847629	21.733947	17.916386	-0.312428	-10.761256
42	10.011751	-1.118934	4.800532	11.68288	2.939631	21.273332	18.662253	-0.184007	-10.365936
43	9.283873	-1.65463	5.3395	14.078103	4.242935	20.704144	19.255449	-0.127514	-9.865477
44	8.52041	-2.269023	5.709968	16.811798	5.709772	20.052675	19.665282	-0.11661	-9.309432
45	7.782876	-2.905902	5.920119	19.891972	7.279543	19.348018	19.798039	-0.107397	-8.694758
46	7.11091	-3.514339	6.009854	23.274287	8.876995	18.6068	19.680118	-0.064553	-8.045654
47	6.519615	-4.066867	6.018005	26.924587	10.445798	17.822479	19.397661	0.029942	-7.419696
48	6.003793	-4.540172	6.00138	30.792249	11.935423	16.974025	19.067577	0.191555	-6.900935
49	5.547751	-4.90589	6.034397	34.818257	13.309571	16.038156	18.788884	0.42576	-6.596147
50	5.132986	-5.145881	6.184666	38.940459	14.555289	14.995808	18.527768	0.669083	-6.516613
51	4.745278	-5.250648	6.491663	43.088154	15.644193	13.827156	18.094445	0.769721	-6.512382
52	4.36535	-5.248985	6.905254	47.180743	16.5684	12.580484	17.481385	0.70885	-6.471037
53	3.975786	-5.145848	7.355393	51.150847	17.319919	11.342216	16.825386	0.554683	-6.438669
54	3.560739	-4.935971	7.75035	54.943326	17.919126	10.229638	16.253083	0.356994	-6.512546
55	3.103249	-4.607105	8.010844	58.528302	18.391487	9.338195	15.82637	0.131802	-6.750829
56	2.569287	-4.148626	8.105502	61.911012	18.746531	8.694712	15.52744	-0.090069	-7.09406
57	1.854941	-3.564083	8.026585	65.119457	18.978259	8.286893	15.254139	-0.235198	-7.398702
58	0.812273	-2.912895	7.758628	68.225951	19.101998	8.086367	14.873811	-0.25163	-7.62129
59	-0.675418	-2.237716	7.256749	71.286082	19.133828	8.09821	14.310978	-0.144416	-7.832015
60	-2.58447	-1.520107	6.513921	74.320034	19.092439	8.316249	13.566419	0.034888	-8.082621
61	-4.744257	-0.715479	5.575718	77.307096	19.001195	8.710632	12.695342	0.248069	-8.345797
62	-6.97655	0.165577	4.504166	80.201796	18.890248	9.229132	11.76185	0.518847	-8.545452
63	-9.192129	1.041728	3.381124	82.935744	18.781128	9.779202	10.815924	0.891713	-8.662089
64	-11.378768	1.832641	2.313577	85.436211	18.644091	10.255298	9.868982	1.378464	-8.740468
65	-13.548621	2.523564	1.358091	87.646565	18.417643	10.624575	8.891099	1.978854	-8.742816
66	-15.710887	3.120736	0.536754	89.5071	18.059608	10.885819	7.870745	2.670984	-8.590285
67	-17.869426	3.620253	-0.141324	90.974972	17.558881	11.035754	6.876989	3.365121	-8.237711
68	-20.020284	4.003096	-0.671132	92.030623	16.91228	11.064008	6.026826	3.937766	-7.654723
69	-22.149099	4.242358	-1.038738	92.662369	16.105379	10.955879	5.377821	4.312644	-6.817979
70	-24.234779	4.316817	-1.228782	92.859854	15.136747	10.710134	4.857601	4.521142	-5.741877
71	-26.2682	4.239313	-1.252271	92.680087	14.078283	10.348208	4.276928	4.663775	-4.512519
72	-28.222126	4.017338	-1.127093	92.13754	13.034014	9.891475	3.447225	4.788595	-3.236825
73	-30.040082	3.67672	-0.914843	91.234285	12.115538	9.401193	2.313354	4.910248	-2.061403
74	-31.66971	3.24623	-0.679106	89.972298	11.41017	8.940162	1.061786	5.014837	-1.114906
75	-33.090012	2.734927	-0.447903	88.361178	10.992243	8.531768	-0.037057	5.059266	-0.471795
76	-34.276509	2.134161	-0.231257	86.373442	10.97246	8.194169	-0.811488	4.997811	-0.240144
77	-35.264591	1.46897	-0.042535	84.067047	11.32701	7.952053	-1.318701	4.850241	-0.40435
78	-36.065866	0.769732	0.097346	81.466796	12.005601	7.851388	-1.620342	4.646196	-0.92087
79	-36.691087	0.079663	0.170772	78.596155	12.91826	7.948436	-1.74949	4.408818	-1.699868
80	-37.151837	-0.554162	0.163832	75.465884	13.9578	8.308097	-1.725277	4.123063	-2.551114
81	-37.466302	-1.101553	0.069961	72.080999	15.010545	8.980865	-1.615132	3.749168	-3.263107
82	-37.651065	-1.540283	-0.12716	68.43118	15.970044	10.027593	-1.535322	3.282668	-3.812885
83	-37.731461	-1.85683	-0.456234	64.531758	16.788831	11.466649	-1.547316	2.789123	-4.362649
84	-37.706653	-2.020922	-0.963051	60.362897	17.437804	13.340002	-1.631212	2.296158	-5.040345
85	-37.568734	-1.995273	-1.679793	55.913615	17.840095	15.668158	-1.699784	1.792799	-5.865123
86	-37.323848	-1.759376	-2.602559	51.233785	17.892069	18.399666	-1.63042	1.292722	-6.770744
87	-37.000202	-1.331435	-3.678741	46.443618	17.518772	21.383767	-1.348436	0.828786	-7.702118
88	-36.651901	-0.786419	-4.780586	41.732494	16.691083	24.324729	-0.871939	0.381768	-8.628572
89	-36.350537	-0.264908	-5.708863	37.316036	15.486556	26.802057	-0.289483	-0.168422	-9.498435
90	-36.141135	0.121306	-6.314622	33.338932	14.009606	28.476811	0.354748	-0.950001	-10.227106
91	-36.035263	0.324783	-6.532517	29.877788	12.330076	29.158247	1.035304	-2.019797	-10.73903
92	-36.0095	0.356976	-6.390691	26.928242	10.529454	28.872957	1.670809	-3.339803	-10.953683
93	-36.01781	0.26502	-5.97891	24.444723	8.703329	27.80743	2.148719	-4.800177	-10.782822
94	-36.014628	0.10221	-5.412937	22.385737	6.981319	26.237137	2.388704	-6.259398	-10.30022
95	-35.962336	-0.081062	-4.844536	20.715915	5.557731	24.558636	2.389996	-7.588509	-9.84671
96	-35.832696	-0.237678	-4.423846	19.352583	4.555492	23.18175	2.267982	-8.740613	-9.737252
97	-35.591085	-0.329254	-4.243901	18.261671	4.008053	22.377229	2.147961	-9.702409	-10.094948
98	-35.207656	-0.337657	-4.311396	17.434621	3.831994	22.234495	2.11843	-10.483442	-10.877947
99	-34.668976	-0.283108	-4.562377	16.886513	3.888937	22.650045	2.193343	-11.115577	-11.927802
100	-33.981718	-0.216633	-4.92247	16.632104	4.065292	23.394786	2.351535	-11.650467	-13.031813
