Time	Hip_Z	Hip_X	Hip_Y	Knee_Z	Knee_X	Knee_Y	Ankle_Z	Ankle_X	Ankle_Y
0	-26.571586	1.79021	-14.834232	6.62252	1.461499	29.748344	-11.487867	-2.968009	-17.937438
1	-26.822181	1.49369	-14.45358	8.493627	1.96107	28.943816	-10.189214	-1.802847	-17.266399
2	-27.170773	1.159893	-14.02067	10.757213	2.564561	28.001159	-8.624052	-0.471194	-16.650594
3	-27.64496	0.800169	-13.65692	13.408259	3.27697	26.986885	-7.012849	0.93916	-16.066213
4	-28.254558	0.436545	-13.487692	16.382709	4.079543	26.014326	-5.653408	2.312411	-15.478275
5	-29.006288	0.086575	-13.57838	19.657761	4.954061	25.164744	-4.785753	3.570679	-14.867888
6	-29.887558	-0.237563	-13.913649	23.221781	5.865728	24.469947	-4.638552	4.651146	-14.213345
7	-30.838588	-0.54508	-14.351041	27.003132	6.753734	23.851888	-5.197029	5.564388	-13.496743
8	-31.776089	-0.870478	-14.679708	30.927098	7.50937	23.157804	-6.511061	6.313167	-12.673659
9	-32.60551	-1.257565	-14.733341	34.817518	8.070111	22.260212	-8.303639	6.964008	-11.741969
10	-33.211332	-1.751993	-14.365576	38.473591	8.356955	21.063622	-10.431364	7.545774	-10.682436
11	-33.525382	-2.346704	-13.60084	41.726625	8.379639	19.625884	-12.68028	8.09657	-9.510877
12	-33.505309	-3.003948	-12.51603	44.456839	8.169836	18.06136	-14.922922	8.63396	-8.249616
13	-33.140605	-3.654079	-11.244101	46.579103	7.794852	16.544284	-17.058759	9.158006	-6.957031
14	-32.503637	-4.23935	-9.93154	48.153979	7.347027	15.208093	-19.047579	9.649669	-5.719037
15	-31.622421	-4.699964	-8.714231	49.135749	6.902166	14.212952	-20.824457	10.065745	-4.675517
16	-30.594722	-5.043153	-7.656194	49.67535	6.503417	13.554591	-22.402778	10.40221	-3.877279
17	-29.446011	-5.264725	-6.804293	49.78354	6.167189	13.26032	-23.750918	10.651714	-3.385325
18	-28.209639	-5.396562	-6.122591	49.555015	5.884255	13.239732	-24.891954	10.823984	-3.17071
19	-26.894614	-5.460987	-5.578516	49.026361	5.654278	13.422623	-25.82449	10.911991	-3.219449
20	-25.505773	-5.48496	-5.137392	48.224162	5.486558	13.725797	-26.530428	10.898879	-3.507728
21	-24.05489	-5.494039	-4.764295	47.197519	5.386457	14.074609	-27.012647	10.778153	-3.983222
22	-22.537583	-5.50646	-4.442956	45.938707	5.374133	14.418492	-27.205935	10.513882	-4.641703
23	-20.965172	-5.528001	-4.146425	44.505657	5.429763	14.733735	-27.122336	10.122506	-5.433431
24	-19.325328	-5.552298	-3.867636	42.897332	5.540356	15.023368	-26.694612	9.594793	-6.354432
25	-17.613602	-5.564988	-3.609541	41.144572	5.671737	15.324722	-25.943502	8.958494	-7.362776
26	-15.818504	-5.553946	-3.386803	39.250643	5.797526	15.682703	-24.868739	8.22882	-8.424946
27	-13.935923	-5.509393	-3.214633	37.218409	5.894331	16.146529	-23.475649	7.42096	-9.503397
28	-11.982238	-5.434158	-3.08947	35.070709	5.955527	16.731208	-21.801028	6.549609	-10.571845
29	-9.968381	-5.335742	-2.991146	32.819837	5.973338	17.442562	-19.814211	5.613839	-11.60498
30	-7.924422	-5.23209	-2.872125	30.516872	5.953321	18.212095	-17.568501	4.635372	-12.59683
31	-5.873302	-5.136391	-2.677542	28.200283	5.894624	18.969763	-15.043239	3.620808	-13.541696
32	-3.851017	-5.05495	-2.385799	25.915009	5.813502	19.643078	-12.294077	2.574964	-14.445406
33	-1.904588	-4.987787	-2.009569	23.696393	5.722551	20.178334	-9.35013	1.488259	-15.297736
34	-0.100824	-4.929527	-1.612545	21.577988	5.63303	20.543765	-6.260581	0.347325	-16.073753
35	1.53296	-4.872961	-1.250737	19.572804	5.546485	20.74996	-3.091307	-0.851304	-16.751977
36	2.975393	-4.809459	-0.946405	17.717297	5.452498	20.787618	0.089771	-2.11503	-17.281266
37	4.295528	-4.734747	-0.651889	16.007232	5.335723	20.69787	3.213505	-3.424748	-17.648088
38	5.535121	-4.650518	-0.294251	14.492142	5.178183	20.494861	6.196877	-4.77208	-17.785021
39	6.73322	-4.570814	0.175926	13.196761	4.985558	20.240486	8.986214	-6.138495	-17.683485
40	7.891718	-4.513487	0.794566	12.185589	4.773514	19.990872	11.520972	-7.512398	-17.324977
41	8.999345	-4.499493	1.573897	11.531767	4.575311	19.818726	13.759529	-8.881834	-16.729467
42	10.038026	-4.540194	2.481098	11.270372	4.429386	19.77467	15.707273	-10.237738	-15.960254
43	10.947535	-4.653717	3.43984	11.52387	4.409105	19.913322	17.328383	-11.561836	-15.083421
44	11.68066	-4.831412	4.309973	12.270176	4.564277	20.193035	18.678722	-12.837724	-14.202668
45	12.134208	-5.076164	4.948048	13.613654	4.991958	20.56081	19.720935	-14.029641	-13.425275
46	12.298173	-5.363892	5.350989	15.485415	5.698533	20.902277	20.475465	-15.118581	-12.841364
47	12.158736	-5.668967	5.558788	17.883124	6.693447	21.100117	20.910116	-16.072387	-12.536517
48	11.749723	-5.954381	5.666203	20.754581	7.934765	21.035642	21.023569	-16.861844	-12.553326
49	11.129398	-6.192389	5.763809	24.016519	9.350861	20.648705	20.8599	-17.476476	-12.868987
50	10.323374	-6.351209	5.933539	27.639917	10.882374	19.8527	20.445449	-17.881035	-13.476906
51	9.396595	-6.427227	6.20543	31.505247	12.448124	18.715904	19.877724	-18.10966	-14.2714
52	8.371428	-6.391397	6.61079	35.567734	13.984389	17.24423	19.198639	-18.163259	-15.172352
53	7.287401	-6.240486	7.120896	39.733718	15.438868	15.548326	18.457013	-18.103291	-16.046747
54	6.158504	-5.95499	7.712843	43.947281	16.762211	13.687035	17.658987	-17.96427	-16.77467
55	4.990065	-5.533326	8.340506	48.147253	17.917441	11.738931	16.805863	-17.777466	-17.247669
56	3.773141	-5.00063	8.946608	52.293669	18.89473	9.770904	15.904514	-17.553193	-17.44142
57	2.483773	-4.391284	9.44637	56.339175	19.665973	7.857338	14.960355	-17.268402	-17.357383
58	1.120786	-3.764599	9.786245	60.268467	20.264095	6.050266	13.983921	-16.898377	-17.092569
59	-0.334897	-3.176142	9.873398	64.035504	20.686326	4.424401	12.964017	-16.390984	-16.695807
60	-1.87402	-2.659464	9.704011	67.643709	20.987952	2.988615	11.891774	-15.740026	-16.249639
61	-3.50239	-2.227225	9.266032	71.074067	21.189358	1.759811	10.748016	-14.925466	-15.801093
62	-5.216338	-1.85054	8.605291	74.314916	21.304814	0.729495	9.526282	-13.943711	-15.381897
63	-6.997008	-1.484235	7.770404	77.347136	21.33542	-0.10047	8.233951	-12.798057	-15.002506
64	-8.815222	-1.078596	6.771598	80.096634	21.268538	-0.669903	6.872412	-11.466533	-14.675906
65	-10.637485	-0.612352	5.644804	82.555184	21.121117	-0.978846	5.456064	-9.975241	-14.387561
66	-12.450583	-0.067429	4.39445	84.632586	20.893906	-0.968657	3.978782	-8.318818	-14.104859
67	-14.275512	0.528835	3.076878	86.354297	20.619677	-0.701072	2.458821	-6.555525	-13.791578
68	-16.159356	1.150245	1.748169	87.67957	20.31866	-0.2007	0.919739	-4.728092	-13.433873
69	-18.151023	1.765737	0.484621	88.609044	20.010361	0.471844	-0.598633	-2.915724	-13.040233
70	-20.261584	2.347101	-0.665811	89.155759	19.707025	1.26018	-2.06479	-1.199431	-12.628246
71	-22.469351	2.854805	-1.644009	89.282144	19.413608	2.114309	-3.444964	0.315319	-12.215842
72	-24.693653	3.275188	-2.434861	89.037685	19.123395	2.983232	-4.736005	1.592169	-11.809528
73	-26.835149	3.577369	-2.97149	88.354793	18.829291	3.831394	-5.911765	2.54646	-11.411481
74	-28.843681	3.76504	-3.292086	87.29709	18.535587	4.640232	-6.978861	3.216729	-11.029013
75	-30.683659	3.818334	-3.424218	85.843928	18.256689	5.400741	-7.920141	3.606883	-10.680332
76	-32.347342	3.742036	-3.447183	84.019045	18.012475	6.128742	-8.73463	3.780251	-10.388226
77	-33.827109	3.554938	-3.431361	81.839567	17.814579	6.855641	-9.428256	3.799009	-10.170671
78	-35.088531	3.279334	-3.444954	79.275694	17.666299	7.632636	-10.002111	3.709793	-10.046546
79	-36.142457	2.958664	-3.526975	76.368337	17.543937	8.499934	-10.484003	3.561849	-10.004477
80	-36.929456	2.631197	-3.725207	73.039841	17.406189	9.532169	-10.871052	3.372781	-10.049292
81	-37.464356	2.341201	-4.051642	69.328193	17.19733	10.75834	-11.178824	3.158941	-10.154163
82	-37.699868	2.132794	-4.549992	65.171472	16.848817	12.244268	-11.39128	2.916686	-10.311668
83	-37.627291	2.034733	-5.238071	60.561746	16.312065	14.009931	-11.498731	2.639062	-10.522106
84	-37.247024	2.05703	-6.115276	55.500884	15.557426	16.046213	-11.493796	2.319998	-10.806441
85	-36.548428	2.200601	-7.176108	49.98069	14.545253	18.326436	-11.35888	1.959088	-11.217401
86	-35.602237	2.423064	-8.357347	44.125963	13.30366	20.739014	-11.109441	1.575159	-11.785126
87	-34.437263	2.681465	-9.598096	38.043745	11.817656	23.149541	-10.752148	1.176049	-12.589776
88	-33.171417	2.914929	-10.803515	31.971701	10.178733	25.396797	-10.362128	0.75036	-13.618375
89	-31.888169	3.078237	-11.886005	26.142773	8.453177	27.314111	-10.023236	0.264418	-14.867404
90	-30.675713	3.158667	-12.786295	20.772374	6.739918	28.808307	-9.821908	-0.306572	-16.234199
91	-29.587016	3.168179	-13.477645	16.006973	5.109012	29.842202	-9.806144	-0.96879	-17.587934
92	-28.665259	3.131492	-13.940528	12.002907	3.623158	30.385665	-9.997425	-1.703682	-18.755543
93	-27.901203	3.080528	-14.222589	8.71351	2.302731	30.538912	-10.337886	-2.457069	-19.649937
94	-27.324338	3.038989	-14.359826	6.274097	1.243598	30.352655	-10.773576	-3.164274	-20.153475
95	-26.899089	3.016083	-14.455926	4.534648	0.468508	30.024842	-11.198548	-3.77833	-20.330842
96	-26.630845	3.01078	-14.572613	3.552933	0.050736	29.678915	-11.500053	-4.23987	-20.214842
97	-26.50258	3.005325	-14.723969	3.272817	-0.028227	29.399952	-11.551088	-4.491693	-19.896737
98	-26.512625	2.978378	-14.871055	3.67917	0.193462	29.185733	-11.237546	-4.454015	-19.411134
99	-26.673101	2.906014	-14.943667	4.787419	0.67024	28.968383	-10.450831	-4.043017	-18.808343
100	-26.971918	2.780825	-14.908856	6.480807	1.323924	28.668724	-9.255376	-3.302746	-18.170676
