Time	Hip_Z	Hip_X	Hip_Y	Knee_Z	Knee_X	Knee_Y	Ankle_Z	Ankle_X	Ankle_Y
0	-14.633005	1.268715	-2.628806	2.4689	6.061491	19.665051	-5.321155	-6.892922	1.857594
1	-14.418812	1.363522	-1.677953	4.449291	6.326942	18.982789	-5.0827	-5.736902	1.706728
2	-14.293746	1.340941	-0.549743	6.673087	6.629481	17.900812	-4.664982	-4.195491	1.779811
3	-14.252482	1.178255	0.629439	9.073381	6.94645	16.433673	-4.059378	-2.329029	2.151463
4	-14.277723	0.881952	1.643497	11.572005	7.271863	14.761199	-3.358615	-0.353413	2.808167
5	-14.364783	0.459971	2.302136	14.149885	7.627115	13.078736	-2.704489	1.520351	3.71308
6	-14.536512	-0.090019	2.387939	16.854964	8.064399	11.635061	-2.318192	3.06409	4.813873
7	-14.809772	-0.740203	1.911116	19.730118	8.607605	10.575719	-2.329758	4.205835	6.004542
8	-15.229438	-1.482904	0.872119	22.831481	9.270511	10.061602	-2.900246	4.843793	7.193643
9	-15.781181	-2.285078	-0.436395	26.066109	9.987378	9.967012	-3.940607	5.080931	8.306406
10	-16.423925	-3.14165	-1.735755	29.283798	10.691165	10.126261	-5.360765	4.989748	9.288938
11	-17.038306	-4.05493	-2.734596	32.264627	11.317839	10.3018	-6.986197	4.692018	10.078162
12	-17.502065	-5.007042	-3.329291	34.871799	11.833323	10.357661	-8.666441	4.30119	10.656067
13	-17.67011	-5.938252	-3.465818	36.941791	12.180582	10.227174	-10.284806	3.905611	11.022585
14	-17.548462	-6.772421	-3.298558	38.530526	12.356058	9.972765	-11.790599	3.560086	11.278608
15	-17.134032	-7.427909	-2.923309	39.605568	12.338398	9.670312	-13.150469	3.289669	11.475389
16	-16.526003	-7.894112	-2.49272	40.26378	12.189732	9.432098	-14.392763	3.071611	11.64367
17	-15.79795	-8.191755	-2.102783	40.571923	11.967507	9.322086	-15.539765	2.883488	11.792762
18	-14.995731	-8.367655	-1.80376	40.585458	11.717723	9.349331	-16.591367	2.714632	11.938779
19	-14.127772	-8.4838	-1.571488	40.371364	11.467332	9.455323	-17.538349	2.563166	12.096435
20	-13.149737	-8.574585	-1.373561	39.896776	11.238886	9.591257	-18.323814	2.431584	12.265165
21	-12.04395	-8.662635	-1.173288	39.184154	11.047568	9.724933	-18.941931	2.309834	12.424376
22	-10.76934	-8.750057	-0.951121	38.19228	10.910913	9.860832	-19.351738	2.191762	12.544423
23	-9.305364	-8.826152	-0.698989	36.916363	10.831654	10.025616	-19.529215	2.076198	12.587756
24	-7.65032	-8.875156	-0.417131	35.373052	10.797677	10.243554	-19.467089	1.960939	12.531134
25	-5.78963	-8.876455	-0.103483	33.561586	10.787539	10.533653	-19.129093	1.839226	12.353531
26	-3.767896	-8.829149	0.231616	31.556069	10.771621	10.880818	-18.54495	1.705142	12.082064
27	-1.596784	-8.724805	0.57606	29.386286	10.727063	11.281052	-17.678093	1.544365	11.730956
28	0.662205	-8.570035	0.911675	27.128784	10.652769	11.72525	-16.5545	1.351577	11.325474
29	2.965445	-8.362778	1.232654	24.831408	10.554027	12.219433	-15.156646	1.129778	10.859986
30	5.261579	-8.101088	1.556869	22.540311	10.435727	12.763165	-13.476037	0.886878	10.326716
31	7.508016	-7.789476	1.910132	20.284178	10.299967	13.344533	-11.542872	0.630983	9.732943
32	9.646999	-7.42171	2.32587	18.095482	10.141913	13.968428	-9.329656	0.376289	9.069433
33	11.6676	-7.011456	2.810942	15.97704	9.959867	14.640048	-6.893269	0.145615	8.339981
34	13.540194	-6.566565	3.381697	13.948801	9.742077	15.374142	-4.232043	-0.036365	7.534254
35	15.259442	-6.112571	4.028713	12.030705	9.48646	16.159355	-1.402124	-0.168074	6.673324
36	16.818641	-5.674655	4.739476	10.259393	9.200253	16.972891	1.536082	-0.266887	5.791614
37	18.199954	-5.285934	5.499147	8.710328	8.902829	17.77516	4.49357	-0.367129	4.954567
38	19.416034	-4.968504	6.281722	7.423718	8.622277	18.526854	7.374823	-0.501158	4.223226
39	20.427269	-4.763078	7.064954	6.52778	8.39885	19.173824	10.052338	-0.705244	3.689097
40	21.251359	-4.66894	7.827685	6.044131	8.256034	19.702046	12.462731	-0.979719	3.378147
41	21.872473	-4.691384	8.555717	6.06275	8.22093	20.086076	14.519946	-1.3138	3.330374
42	22.298087	-4.804499	9.248193	6.625917	8.303845	20.318585	16.17608	-1.667973	3.521985
43	22.545576	-4.971135	9.905578	7.720123	8.504469	20.416404	17.423805	-2.006493	3.88144
44	22.598103	-5.161018	10.505691	9.405004	8.852426	20.39542	18.18617	-2.299453	4.339086
45	22.486467	-5.346458	11.034076	11.576329	9.344324	20.303747	18.524946	-2.54627	4.822321
46	22.196929	-5.500311	11.466546	14.255631	10.010659	20.146113	18.412415	-2.745197	5.302254
47	21.76134	-5.601754	11.815837	17.335085	10.832148	19.924953	17.956439	-2.911487	5.767521
48	21.19652	-5.639047	12.091897	20.746524	11.796883	19.644125	17.240973	-3.05889	6.207392
49	20.517738	-5.61115	12.303598	24.400489	12.881218	19.318138	16.377906	-3.203763	6.603542
50	19.74459	-5.53215	12.458742	28.190752	14.040998	18.964872	15.475288	-3.356182	6.951174
51	18.863629	-5.399824	12.535707	32.046995	15.243777	18.597597	14.620946	-3.519821	7.233352
52	17.899602	-5.21286	12.546564	35.900845	16.448196	18.222115	13.852877	-3.682921	7.443975
53	16.854689	-4.934387	12.510594	39.724982	17.622442	17.810726	13.188042	-3.823036	7.553761
54	15.729462	-4.524299	12.472992	43.522207	18.729808	17.304676	12.601182	-3.908301	7.554001
55	14.499871	-3.957176	12.461811	47.313217	19.735228	16.643059	12.058157	-3.90968	7.45398
56	13.09488	-3.210748	12.484218	51.129627	20.585159	15.750527	11.517333	-3.789588	7.274753
57	11.475653	-2.322524	12.518528	54.985152	21.267697	14.63578	10.943436	-3.551223	7.058583
58	9.546438	-1.318287	12.519553	58.881257	21.735123	13.297135	10.301351	-3.184219	6.830846
59	7.31397	-0.27961	12.416061	62.782468	22.009425	11.848935	9.588385	-2.73376	6.610465
60	4.790617	0.726349	12.117894	66.633147	22.08834	10.40592	8.808302	-2.245098	6.408302
61	2.078482	1.641481	11.5615	70.347739	21.98312	9.100812	7.981481	-1.787798	6.231515
62	-0.694697	2.447447	10.764682	73.862381	21.721416	7.995636	7.130761	-1.414561	6.07552
63	-3.425178	3.11885	9.747817	77.073423	21.311601	7.14378	6.272326	-1.183977	5.920472
64	-6.089109	3.682169	8.622288	79.985405	20.804569	6.480253	5.416794	-1.083936	5.734691
65	-8.696114	4.148156	7.498873	82.538231	20.210787	5.956936	4.566094	-1.106844	5.484954
66	-11.271188	4.550241	6.527234	84.740962	19.542469	5.47189	3.714676	-1.197342	5.173064
67	-13.816037	4.897121	5.825729	86.575528	18.791873	4.956289	2.859651	-1.309653	4.824487
68	-16.313357	5.170525	5.48426	88.000991	17.953143	4.366665	2.007259	-1.405696	4.483559
69	-18.743893	5.349467	5.464269	89.044128	17.056582	3.707752	1.166512	-1.477493	4.185867
70	-21.054985	5.376562	5.758441	89.616846	16.141969	2.991224	0.348762	-1.533253	3.977666
71	-23.221977	5.253115	6.226414	89.768431	15.262938	2.270585	-0.442763	-1.597114	3.866489
72	-25.192762	4.972648	6.771663	89.449055	14.472509	1.607272	-1.198337	-1.690462	3.860798
73	-26.944482	4.570207	7.286077	88.666575	13.814571	1.061692	-1.90704	-1.823967	3.938619
74	-28.475546	4.089124	7.709156	87.442521	13.309592	0.668612	-2.556874	-1.995654	4.075131
75	-29.758808	3.573032	7.9752	85.736794	12.991611	0.488792	-3.12532	-2.200773	4.253224
76	-30.824788	3.066048	8.06605	83.617665	12.841009	0.533077	-3.616775	-2.423385	4.44676
77	-31.633629	2.613533	7.922116	81.029786	12.875023	0.880062	-4.025904	-2.652111	4.629281
78	-32.197449	2.249631	7.547754	78.021758	13.049078	1.539568	-4.376138	-2.873101	4.778017
79	-32.495129	1.998216	6.943006	74.581327	13.316228	2.538776	-4.680638	-3.069743	4.881607
80	-32.51188	1.858079	6.146477	70.712218	13.594495	3.866507	-4.950279	-3.22036	4.935158
81	-32.270246	1.803436	5.220287	66.469127	13.80743	5.456499	-5.191311	-3.320339	4.94392
82	-31.741633	1.825596	4.183319	61.825601	13.856855	7.284357	-5.401119	-3.380323	4.905191
83	-30.997898	1.894682	3.059772	56.884187	13.716492	9.249383	-5.590506	-3.448519	4.827063
84	-30.062535	1.992566	1.840328	51.674813	13.340638	11.286106	-5.767286	-3.579228	4.709805
85	-29.002726	2.091952	0.549867	46.297523	12.756717	13.299519	-5.934442	-3.812992	4.550909
86	-27.86093	2.17323	-0.777048	40.83619	12.011649	15.219602	-6.084109	-4.169229	4.332157
87	-26.674696	2.212056	-2.094182	35.388113	11.175835	16.972744	-6.203744	-4.657097	4.041094
88	-25.485676	2.198168	-3.351324	30.036447	10.335388	18.53661	-6.290394	-5.242191	3.696382
89	-24.334452	2.116339	-4.453508	24.895536	9.564876	19.841877	-6.338516	-5.893312	3.302316
90	-23.240881	1.982708	-5.340928	20.020288	8.880723	20.883334	-6.352998	-6.537387	2.89084
91	-22.217842	1.814366	-5.944934	15.505927	8.280512	21.608402	-6.329043	-7.108812	2.497857
92	-21.262923	1.643739	-6.25323	11.439763	7.746403	22.020379	-6.268005	-7.560848	2.158308
93	-20.364862	1.500091	-6.305377	7.880545	7.263889	22.183543	-6.180278	-7.888383	1.8893
94	-19.51798	1.418313	-6.127247	4.99962	6.828939	22.167659	-6.078382	-8.085301	1.709229
95	-18.709661	1.400694	-5.811028	2.783202	6.429896	22.07823	-5.973191	-8.172143	1.608957
96	-17.949114	1.45122	-5.410293	1.373664	6.078987	21.972921	-5.851674	-8.10037	1.594001
97	-17.250917	1.546803	-4.97773	0.711916	5.796681	21.887325	-5.673994	-7.804607	1.621977
98	-16.644816	1.660259	-4.505198	0.792316	5.609986	21.788549	-5.384865	-7.173219	1.656373
99	-16.170244	1.745139	-3.932597	1.585071	5.543038	21.543049	-4.91993	-6.073864	1.703691
100	-15.839766	1.761832	-3.213351	2.950487	5.594496	21.036185	-4.277128	-4.522251	1.800022
