Time	Hip_Z	Hip_X	Hip_Y	Knee_Z	Knee_X	Knee_Y	Ankle_Z	Ankle_X	Ankle_Y
0	-14.354128	-0.201099	-5.595787	12.648933	10.514563	22.912579	-4.317959	-6.425591	-20.650724
1	-14.785527	-0.445305	-6.184748	15.042796	10.82179	22.209459	-3.78633	-4.430628	-19.897885
2	-15.428432	-0.814414	-6.713758	17.803736	11.138975	21.389391	-3.582832	-2.277423	-19.124299
3	-16.349403	-1.343116	-7.181182	20.972858	11.496992	20.419826	-3.91503	-0.147143	-18.257215
4	-17.480185	-1.991502	-7.59956	24.409425	11.930545	19.357722	-4.717175	1.759582	-17.311787
5	-18.765371	-2.740584	-7.93188	28.013375	12.491807	18.246025	-6.002854	3.218649	-16.352878
6	-20.06495	-3.528727	-8.13471	31.611854	13.144507	17.114956	-7.608433	4.236871	-15.453756
7	-21.22502	-4.295125	-8.107769	35.02365	13.798079	15.954499	-9.446459	4.821072	-14.657278
8	-22.139691	-4.982529	-7.823608	38.118109	14.338875	14.776487	-11.379898	5.135764	-13.95212
9	-22.680888	-5.521834	-7.254557	40.718592	14.657849	13.637188	-13.309766	5.299666	-13.332561
10	-22.813869	-5.884308	-6.465106	42.769569	14.735371	12.613692	-15.169487	5.422011	-12.769411
11	-22.495187	-6.04633	-5.524829	44.19964	14.580649	11.799805	-16.911137	5.558022	-12.245098
12	-21.769364	-6.034133	-4.524259	45.046922	14.267467	11.242969	-18.516941	5.714172	-11.762457
13	-20.696827	-5.895611	-3.551531	45.35856	13.89287	10.972287	-19.969726	5.862655	-11.354316
14	-19.358583	-5.697384	-2.674445	45.208116	13.555159	10.977408	-21.25641	5.960996	-11.071078
15	-17.84499	-5.511676	-1.935724	44.682167	13.332657	11.21392	-22.362544	5.966836	-10.958778
16	-16.220731	-5.392485	-1.360149	43.832006	13.268569	11.639706	-23.257577	5.845661	-11.041939
17	-14.543122	-5.364521	-0.940016	42.725156	13.357854	12.198072	-23.923464	5.586047	-11.302956
18	-12.837564	-5.438918	-0.673349	41.380802	13.590464	12.862853	-24.313877	5.1724	-11.735035
19	-11.115214	-5.595286	-0.524827	39.849583	13.92144	13.599412	-24.432537	4.623794	-12.296681
20	-9.367191	-5.819192	-0.479846	38.138226	14.321098	14.396986	-24.233731	3.939872	-12.967856
21	-7.586591	-6.073277	-0.496967	36.296658	14.739831	15.233881	-23.749435	3.154898	-13.700489
22	-5.765144	-6.322981	-0.541946	34.345155	15.130594	16.092439	-22.934623	2.27522	-14.466353
23	-3.915359	-6.532465	-0.561455	32.342824	15.454251	16.937329	-21.835982	1.340447	-15.232746
24	-2.049353	-6.655422	-0.495963	30.330986	15.65723	17.725137	-20.383452	0.370928	-15.981504
25	-0.189455	-6.685376	-0.328359	28.348786	15.743588	18.439597	-18.634249	-0.609473	-16.712698
26	1.638707	-6.584652	-0.005419	26.442196	15.683331	19.039399	-16.524218	-1.588228	-17.432314
27	3.427294	-6.3749	0.459436	24.621415	15.51673	19.535291	-14.144775	-2.554241	-18.15849
28	5.16043	-6.034617	1.110325	22.928504	15.24497	19.897544	-11.475904	-3.494762	-18.912021
29	6.845742	-5.592123	1.914909	21.357508	14.91105	20.148579	-8.609808	-4.408988	-19.697402
30	8.470617	-5.043028	2.878511	19.947433	14.537282	20.277781	-5.579133	-5.28868	-20.519421
31	10.033703	-4.417056	3.948965	18.693302	14.15652	20.31367	-2.477298	-6.138078	-21.365142
32	11.507086	-3.724832	5.096875	17.64149	13.796874	20.257043	0.610755	-6.954907	-22.222723
33	12.878128	-2.996294	6.270895	16.796513	13.47893	20.124834	3.605472	-7.742771	-23.070396
34	14.110127	-2.260642	7.421578	16.207967	13.230176	19.911163	6.418222	-8.496179	-23.86976
35	15.194584	-1.550525	8.505389	15.878969	13.064233	19.622118	9.011679	-9.213719	-24.580148
36	16.112552	-0.903723	9.472397	15.838377	13.003328	19.261067	11.349636	-9.888586	-25.143137
37	16.867317	-0.348697	10.291578	16.080627	13.055375	18.847009	13.448529	-10.522378	-25.51912
38	17.458568	0.084463	10.931795	16.608173	13.229729	18.40534	15.336343	-11.12564	-25.665755
39	17.88926	0.376018	11.378935	17.414876	13.530774	17.962164	17.054303	-11.717681	-25.561977
40	18.162253	0.518893	11.637924	18.488721	13.961011	17.540372	18.648085	-12.314988	-25.214675
41	18.270046	0.510943	11.718824	19.833686	14.528252	17.155104	20.147163	-12.91628	-24.641511
42	18.219151	0.373972	11.658345	21.431928	15.221552	16.807715	21.578259	-13.498092	-23.897149
43	17.996758	0.118726	11.47692	23.299628	16.037745	16.494269	22.941865	-14.018888	-23.023181
44	17.622111	-0.217012	11.218573	25.408381	16.945152	16.195517	24.230434	-14.441719	-22.093341
45	17.087445	-0.599817	10.916691	27.780052	17.920299	15.884656	25.400158	-14.7158	-21.175264
46	16.423173	-0.973693	10.617876	30.378714	18.914937	15.529723	26.422009	-14.835972	-20.329645
47	15.620893	-1.274217	10.367379	33.236013	19.880821	15.081142	27.2254	-14.773751	-19.613652
48	14.708875	-1.462841	10.186447	36.304942	20.777734	14.524112	27.817198	-14.570234	-19.020876
49	13.668232	-1.469959	10.104102	39.60803	21.542607	13.825439	28.151574	-14.230428	-18.557455
50	12.521422	-1.299758	10.104198	43.078238	22.16396	13.016625	28.292493	-13.812155	-18.166397
51	11.231979	-0.89064	10.196162	46.719674	22.572337	12.090367	28.233929	-13.330769	-17.82264
52	9.81333	-0.292322	10.339277	50.465817	22.792664	11.09499	28.05277	-12.816094	-17.496248
53	8.219511	0.500257	10.486249	54.293966	22.78157	10.066338	27.758688	-12.26641	-17.182462
54	6.472545	1.395802	10.560044	58.14821	22.590675	9.068297	27.390169	-11.682671	-16.876937
55	4.552246	2.320337	10.43162	61.979936	22.217993	8.189146	26.944297	-11.047237	-16.5838
56	2.504001	3.195872	10.036356	65.746375	21.720653	7.480383	26.431637	-10.361669	-16.303856
57	0.351333	3.954183	9.267832	69.385824	21.125209	7.026753	25.832273	-9.628261	-16.035377
58	-1.854774	4.581825	8.142265	72.866871	20.482899	6.838808	25.144837	-8.872372	-15.777077
59	-4.073267	5.077346	6.642314	76.123874	19.831021	6.967467	24.355173	-8.122992	-15.539367
60	-6.264357	5.49406	4.847015	79.129773	19.19174	7.392113	23.46928	-7.403842	-15.330856
61	-8.388135	5.899572	2.848362	81.828541	18.570801	8.091105	22.482763	-6.729262	-15.160787
62	-10.420372	6.352673	0.796976	84.201298	17.962244	8.972707	21.40136	-6.096086	-15.027029
63	-12.343833	6.882172	-1.1299	86.220614	17.356911	9.914281	20.223979	-5.496288	-14.915137
64	-14.1576	7.478255	-2.791945	87.875517	16.751733	10.805456	18.945353	-4.923087	-14.800779
65	-15.879287	8.103398	-4.103682	89.171297	16.15661	11.566917	17.554715	-4.372204	-14.661922
66	-17.534529	8.708868	-5.012265	90.103229	15.594567	12.146001	16.035325	-3.842351	-14.490607
67	-19.155201	9.243237	-5.545921	90.705302	15.096	12.535571	14.394033	-3.33311	-14.301425
68	-20.751056	9.654832	-5.730357	90.968807	14.702312	12.737139	12.646517	-2.849367	-14.126424
69	-22.316288	9.922543	-5.677985	90.936442	14.435605	12.803791	10.843945	-2.398625	-13.999089
70	-23.822995	10.010446	-5.462368	90.582819	14.334539	12.769531	9.025316	-2.009498	-13.944216
71	-25.25225	9.934868	-5.193022	89.95016	14.394942	12.693116	7.229705	-1.706009	-13.957087
72	-26.563108	9.680395	-4.950782	88.993645	14.650114	12.619776	5.502419	-1.533297	-14.042038
73	-27.750125	9.295176	-4.792935	87.758368	15.059446	12.593496	3.867172	-1.481445	-14.170591
74	-28.768321	8.78571	-4.77894	86.180297	15.62335	12.669	2.376352	-1.559714	-14.324092
75	-29.639944	8.201008	-4.895735	84.314486	16.282577	12.854419	1.027139	-1.722541	-14.476456
76	-30.322938	7.55248	-5.17417	82.079896	17.010676	13.199537	-0.123552	-1.962993	-14.600799
77	-30.845331	6.874511	-5.578205	79.537644	17.75428	13.689265	-1.102565	-2.249156	-14.693114
78	-31.15276	6.183659	-6.124705	76.597938	18.479773	14.375145	-1.865571	-2.580174	-14.764157
79	-31.264794	5.498996	-6.76897	73.307889	19.156537	15.236079	-2.454147	-2.944209	-14.838765
80	-31.13155	4.837741	-7.486582	69.58748	19.719585	16.303521	-2.85941	-3.347761	-14.93088
81	-30.781422	4.204403	-8.221654	65.490886	20.133759	17.532432	-3.132222	-3.78844	-15.047108
82	-30.18943	3.603652	-8.91707	60.979825	20.330252	18.904575	-3.284888	-4.272805	-15.210393
83	-29.391988	3.029306	-9.528203	56.127618	20.30348	20.358969	-3.357517	-4.798268	-15.438482
84	-28.390645	2.47894	-9.995828	50.964676	20.022034	21.838683	-3.379931	-5.377931	-15.769945
85	-27.225882	1.944291	-10.284587	45.597204	19.512829	23.271756	-3.392443	-6.020836	-16.231658
86	-25.92652	1.419419	-10.334398	40.140779	18.789236	24.566635	-3.434876	-6.743925	-16.865668
87	-24.538268	0.904928	-10.119176	34.735635	17.893931	25.652356	-3.53797	-7.54887	-17.679292
88	-23.108236	0.414566	-9.623381	29.539455	16.866843	26.465968	-3.727215	-8.425443	-18.650398
89	-21.685076	-0.025412	-8.877348	24.693779	15.753104	26.990674	-4.01239	-9.342947	-19.722404
90	-20.320435	-0.380741	-7.968172	20.319878	14.607097	27.259914	-4.390337	-10.246692	-20.823331
91	-19.067291	-0.622355	-6.996063	16.538728	13.482749	27.303944	-4.852228	-11.06224	-21.883884
92	-17.966148	-0.74768	-6.071262	13.396619	12.43658	27.167408	-5.360136	-11.708934	-22.829697
93	-17.062697	-0.755294	-5.301902	10.985219	11.532895	26.875266	-5.854799	-12.091875	-23.567419
94	-16.35405	-0.675127	-4.755468	9.250167	10.807403	26.482728	-6.259356	-12.177727	-24.035187
95	-15.858441	-0.52877	-4.501539	8.254727	10.314482	26.015849	-6.480699	-11.909363	-24.138985
96	-15.5342	-0.358026	-4.500996	7.883011	10.03573	25.508355	-6.483125	-11.337856	-23.912447
97	-15.383808	-0.197337	-4.745643	8.193259	9.987952	24.972236	-6.202013	-10.438911	-23.360155
98	-15.363173	-0.076082	-5.137773	9.043037	10.104248	24.421486	-5.693676	-9.274674	-22.623505
99	-15.492343	-0.035372	-5.633148	10.492762	10.370676	23.850154	-4.996941	-7.796133	-21.788634
100	-15.753569	-0.084754	-6.162478	12.394704	10.723907	23.243563	-4.273736	-6.075994	-20.945144
