Time	Hip_Z	Hip_X	Hip_Y	Knee_Z	Knee_X	Knee_Y	Ankle_Z	Ankle_X	Ankle_Y
0	-20.123715	-1.175034	-9.606488	11.990136	5.120592	36.777115	-8.81795	-8.869009	-22.666705
1	-20.090961	-1.305411	-9.608414	13.138225	5.65814	36.621851	-8.035646	-7.187305	-22.044421
2	-20.190047	-1.45908	-9.606855	14.486613	6.252863	36.235494	-7.184889	-5.234534	-21.230647
3	-20.453967	-1.636834	-9.605767	16.049829	6.861429	35.539488	-6.36195	-3.117612	-20.185884
4	-20.922259	-1.842897	-9.619177	17.85606	7.447655	34.487049	-5.699287	-0.997141	-18.869617
5	-21.581884	-2.078509	-9.658658	19.88171	8.009333	33.165552	-5.286878	0.966236	-17.332867
6	-22.4519	-2.354181	-9.728293	22.148486	8.578308	31.652724	-5.252527	2.592272	-15.636595
7	-23.49094	-2.674823	-9.806102	24.613238	9.217963	30.103886	-5.629711	3.781732	-13.945447
8	-24.624368	-3.042926	-9.854131	27.196484	9.982422	28.650842	-6.375267	4.53361	-12.429563
9	-25.754447	-3.476539	-9.800989	29.798128	10.931659	27.410391	-7.482163	4.816067	-11.292483
10	-26.768054	-3.971296	-9.604878	32.293046	12.019491	26.367945	-8.80201	4.796962	-10.542532
11	-27.563312	-4.522545	-9.231035	34.570024	13.186189	25.494754	-10.24083	4.585244	-10.157878
12	-28.024594	-5.11272	-8.656552	36.50227	14.341427	24.756578	-11.714075	4.275067	-10.078302
13	-28.167077	-5.702059	-7.941936	38.097178	15.401797	24.0935	-13.156153	3.951813	-10.144472
14	-27.966579	-6.249919	-7.125514	39.318235	16.288463	23.49158	-14.528452	3.656678	-10.264318
15	-27.460123	-6.721093	-6.261659	40.189499	16.96068	22.947764	-15.817203	3.409693	-10.362701
16	-26.726761	-7.104424	-5.395783	40.778433	17.433994	22.467135	-17.031855	3.208011	-10.409878
17	-25.793162	-7.379033	-4.569506	41.07562	17.69864	22.087641	-18.164848	3.04886	-10.392333
18	-24.729625	-7.56177	-3.807933	41.136817	17.809065	21.825541	-19.223725	2.912836	-10.32754
19	-23.570502	-7.666351	-3.125904	40.983162	17.799979	21.697147	-20.201587	2.784276	-10.234102
20	-22.318522	-7.692657	-2.549333	40.586146	17.683091	21.745896	-21.06178	2.645056	-10.137106
21	-20.990508	-7.659713	-2.065246	39.988742	17.494481	21.955041	-21.798661	2.481039	-10.066098
22	-19.572205	-7.563415	-1.680555	39.178573	17.236202	22.340297	-22.372569	2.277511	-10.050767
23	-18.049657	-7.399152	-1.394295	38.156744	16.905235	22.896513	-22.738579	2.023462	-10.116441
24	-16.432172	-7.175176	-1.183117	36.967696	16.50848	23.575133	-22.88959	1.719367	-10.26492
25	-14.711065	-6.886634	-1.038757	35.621343	16.03918	24.349932	-22.769422	1.350965	-10.511808
26	-12.903726	-6.543377	-0.937201	34.165326	15.509823	25.173246	-22.386682	0.912865	-10.844509
27	-11.029057	-6.156028	-0.852674	32.639618	14.934389	26.005955	-21.76088	0.400026	-11.245053
28	-9.09309	-5.727164	-0.742352	31.069448	14.319543	26.798634	-20.852946	-0.210321	-11.708791
29	-7.123208	-5.272858	-0.562526	29.492139	13.686461	27.513986	-19.722241	-0.89892	-12.212738
30	-5.13365	-4.797769	-0.266529	27.932012	13.04816	28.112925	-18.370788	-1.656777	-12.751433
31	-3.139516	-4.303092	0.190029	26.415191	12.41985	28.557848	-16.795015	-2.466342	-13.320384
32	-1.155609	-3.79136	0.79643	24.956117	11.812536	28.857569	-15.041467	-3.295348	-13.90496
33	0.79776	-3.260008	1.561089	23.587502	11.241487	28.991561	-13.111856	-4.115291	-14.489264
34	2.695957	-2.712342	2.450519	22.339006	10.7194	28.967495	-11.039755	-4.894173	-15.05138
35	4.515606	-2.15704	3.412998	21.234833	10.25681	28.804909	-8.868869	-5.608925	-15.569846
36	6.204082	-1.610978	4.393313	20.349679	9.890812	28.491669	-6.629012	-6.224921	-16.002689
37	7.747775	-1.097781	5.322703	19.696704	9.63907	28.064008	-4.374732	-6.747503	-16.331929
38	9.121673	-0.64713	6.143268	19.313174	9.535033	27.539332	-2.147158	-7.179294	-16.534595
39	10.278306	-0.304989	6.782995	19.273883	9.639364	26.931003	0.006378	-7.518852	-16.57792
40	11.235698	-0.0823	7.236081	19.549818	9.948668	26.27842	2.068211	-7.791913	-16.485514
41	11.964857	-0.007873	7.475499	20.1856	10.497523	25.598314	4.006383	-8.003522	-16.255839
42	12.456708	-0.083041	7.524488	21.194873	11.284278	24.888446	5.79588	-8.161687	-15.905578
43	12.734218	-0.271416	7.455093	22.54188	12.260961	24.125899	7.430334	-8.276302	-15.46432
44	12.764772	-0.54558	7.327611	24.277215	13.413003	23.2564	8.857332	-8.342402	-14.936068
45	12.577481	-0.849674	7.216218	26.352567	14.677246	22.25354	10.071898	-8.365583	-14.344578
46	12.190694	-1.14465	7.170729	28.734795	16.010215	21.103189	11.062581	-8.348089	-13.7068
47	11.58495	-1.39827	7.247316	31.439889	17.387059	19.777941	11.767773	-8.280616	-13.036817
48	10.812986	-1.609598	7.440813	34.367849	18.78298	18.329135	12.22457	-8.165265	-12.36295
49	9.876057	-1.780836	7.753911	37.482794	20.195556	16.785903	12.41183	-7.985986	-11.710011
50	8.77475	-1.920128	8.172478	40.735747	21.630441	15.189889	12.323526	-7.721936	-11.105038
51	7.533615	-2.039796	8.658721	44.061143	23.092271	13.58304	12.015422	-7.371391	-10.559682
52	6.136658	-2.145088	9.184704	47.420238	24.591052	11.996005	11.498659	-6.919331	-10.092468
53	4.594974	-2.241009	9.706466	50.774164	26.121452	10.450523	10.831744	-6.379365	-9.697083
54	2.918773	-2.326133	10.187224	54.101987	27.665589	8.956325	10.065224	-5.771735	-9.35905
55	1.078379	-2.385373	10.575168	57.384821	29.188387	7.534034	9.222226	-5.105251	-9.078712
56	-0.902148	-2.403892	10.856021	60.625878	30.651506	6.178702	8.341098	-4.406112	-8.843464
57	-3.024601	-2.357487	11.006744	63.820287	32.010875	4.90154	7.435785	-3.685058	-8.65772
58	-5.285071	-2.214783	11.000181	66.94956	33.216097	3.728206	6.514074	-2.951837	-8.53657
59	-7.634612	-1.976044	10.853935	70.000083	34.269106	2.66094	5.58319	-2.219676	-8.483566
60	-10.040005	-1.631933	10.557489	72.928298	35.147081	1.721099	4.647172	-1.505774	-8.517761
61	-12.452614	-1.205777	10.130151	75.695428	35.8563	0.900036	3.713579	-0.831544	-8.641841
62	-14.8334	-0.743675	9.60868	78.277991	36.419451	0.167143	2.791646	-0.213696	-8.84541
63	-17.144171	-0.302379	9.008916	80.59808	36.818733	-0.485448	1.898045	0.315244	-9.131793
64	-19.376545	0.075491	8.357198	82.651741	37.075108	-1.066956	1.042628	0.750469	-9.47377
65	-21.520186	0.374298	7.656448	84.411153	37.184721	-1.554926	0.235655	1.083136	-9.848973
66	-23.555281	0.59469	6.894531	85.802328	37.116982	-1.891268	-0.508043	1.294468	-10.231024
67	-25.503994	0.775245	6.077294	86.865132	36.895874	-2.062122	-1.196953	1.407419	-10.593336
68	-27.370744	0.941726	5.202113	87.559447	36.513906	-2.026049	-1.828048	1.423681	-10.91445
69	-29.162188	1.116148	4.279708	87.87068	35.984781	-1.769264	-2.403024	1.357976	-11.18334
70	-30.885849	1.304735	3.334099	87.838966	35.34671	-1.325137	-2.931724	1.236662	-11.40504
71	-32.520407	1.501411	2.391966	87.410955	34.616793	-0.69125	-3.41396	1.070198	-11.577754
72	-34.055706	1.68725	1.481826	86.618921	33.83993	0.086917	-3.860559	0.877633	-11.716684
73	-35.475229	1.841965	0.621933	85.477855	33.053449	0.979803	-4.278037	0.671492	-11.83705
74	-36.725831	1.932741	-0.163593	83.913321	32.298123	1.993891	-4.664026	0.458663	-11.95058
75	-37.815527	1.954128	-0.882862	81.994755	31.596536	3.107307	-5.021962	0.244487	-12.06737
76	-38.718145	1.894269	-1.532963	79.695367	30.968711	4.33959	-5.340763	0.029986	-12.195237
77	-39.406787	1.750188	-2.121234	76.986354	30.424083	5.728542	-5.602921	-0.188054	-12.34248
78	-39.89812	1.543928	-2.675343	73.918622	29.942868	7.290243	-5.807062	-0.418247	-12.509856
79	-40.155834	1.288173	-3.217659	70.447803	29.510253	9.091595	-5.948113	-0.677481	-12.70256
80	-40.181495	1.009311	-3.771086	66.601004	29.090198	11.160825	-6.040365	-0.975668	-12.924153
81	-39.985754	0.731036	-4.347898	62.422889	28.637733	13.50254	-6.103644	-1.312719	-13.174936
82	-39.523374	0.479012	-4.959923	57.892308	28.068194	16.172583	-6.159521	-1.690852	-13.4571
83	-38.842259	0.265186	-5.600344	53.124113	27.322561	19.088236	-6.232145	-2.095456	-13.762089
84	-37.953579	0.096979	-6.260012	48.197811	26.326152	22.181351	-6.338648	-2.519704	-14.093673
85	-36.861459	-0.022914	-6.920909	43.223975	24.985875	25.333792	-6.492382	-2.963078	-14.467152
86	-35.624044	-0.110648	-7.561466	38.328781	23.327352	28.390893	-6.684507	-3.428571	-14.888023
87	-34.261998	-0.176913	-8.155209	33.639785	21.337487	31.181619	-6.90917	-3.935252	-15.366868
88	-32.815652	-0.236336	-8.678585	29.253291	19.081794	33.566085	-7.154314	-4.50715	-15.897391
89	-31.328918	-0.30052	-9.118682	25.199474	16.669315	35.495405	-7.409479	-5.158094	-16.461625
90	-29.841429	-0.379008	-9.442948	21.577273	14.198332	36.847051	-7.671013	-5.915072	-17.05018
91	-28.394892	-0.471762	-9.658649	18.359249	11.79048	37.701702	-7.937116	-6.763102	-17.654058
92	-27.024158	-0.573354	-9.775833	15.550829	9.5413	38.129868	-8.207933	-7.681475	-18.275719
93	-25.778835	-0.672965	-9.806636	13.230849	7.575914	38.1885	-8.480905	-8.637339	-18.927888
94	-24.660346	-0.761323	-9.796623	11.330398	5.906583	38.058952	-8.7471	-9.572115	-19.608825
95	-23.689912	-0.833237	-9.772593	9.891066	4.587842	37.83905	-8.99164	-10.419479	-20.30765
96	-22.875298	-0.890749	-9.756037	8.928443	3.642353	37.618575	-9.193191	-11.103395	-20.989033
97	-22.196054	-0.942643	-9.752124	8.378804	3.023233	37.443636	-9.333092	-11.581159	-21.608888
98	-21.665454	-0.998372	-9.753478	8.278049	2.758286	37.331119	-9.364248	-11.755752	-22.100178
99	-21.263406	-1.066261	-9.741668	8.556324	2.789171	37.256463	-9.250347	-11.590534	-22.427558
100	-20.973559	-1.150072	-9.699928	9.151299	3.06115	37.183729	-8.961648	-11.058337	-22.574069
