Time	Hip_Z	Hip_X	Hip_Y	Knee_Z	Knee_X	Knee_Y	Ankle_Z	Ankle_X	Ankle_Y
0	-12.546343	5.309883	-17.351526	1.5366	-0.810392	44.050745	-1.349788	-2.446669	-16.532107
1	-12.523972	5.087606	-17.787909	2.761142	-0.101044	44.104964	-0.297096	-0.762018	-15.957507
2	-12.642992	4.862051	-18.211605	4.307721	0.761674	43.992489	0.613276	0.972127	-15.31101
3	-12.939474	4.621992	-18.568488	6.215203	1.783206	43.683647	1.122803	2.590831	-14.590686
4	-13.399111	4.353889	-18.823398	8.417481	2.936437	43.214302	1.124909	3.960814	-13.827019
5	-14.008794	4.038797	-18.922827	10.86238	4.209992	42.593599	0.56003	4.957557	-13.074001
6	-14.720514	3.657559	-18.80307	13.455798	5.578271	41.82226	-0.524913	5.519479	-12.410029
7	-15.449446	3.202156	-18.425775	16.068289	6.985185	40.904469	-1.982127	5.706698	-11.884565
8	-16.091385	2.662662	-17.725268	18.561182	8.342123	39.813778	-3.71421	5.570977	-11.540337
9	-16.57487	2.070781	-16.781029	20.844661	9.56375	38.606028	-5.550971	5.274025	-11.340113
10	-16.791697	1.461137	-15.65703	22.773005	10.524058	37.354641	-7.387686	4.907458	-11.265413
11	-16.755835	0.881487	-14.519327	24.35308	11.214768	36.174939	-9.148817	4.56041	-11.236075
12	-16.443893	0.372052	-13.517571	25.528092	11.595411	35.186176	-10.77866	4.281386	-11.186755
13	-15.899143	-0.059639	-12.739369	26.333164	11.71225	34.441365	-12.263337	4.080942	-11.073674
14	-15.156797	-0.422263	-12.216479	26.795929	11.618688	33.95575	-13.593667	3.953386	-10.888259
15	-14.239547	-0.729349	-11.942646	26.932493	11.365153	33.721376	-14.75777	3.8856	-10.649909
16	-13.192493	-1.000781	-11.841395	26.815182	11.017394	33.666507	-15.771308	3.851621	-10.404726
17	-12.014171	-1.239123	-11.867165	26.440019	10.594881	33.751075	-16.595809	3.831618	-10.207937
18	-10.742977	-1.452934	-11.930975	25.886115	10.127528	33.879765	-17.251384	3.800063	-10.085552
19	-9.37645	-1.634249	-11.975524	25.152626	9.615769	33.983	-17.6895	3.730361	-10.062229
20	-7.938685	-1.781261	-11.972406	24.28388	9.071734	34.01954	-17.926009	3.609675	-10.117969
21	-6.439035	-1.885945	-11.910913	23.288978	8.503481	33.965616	-17.937491	3.418618	-10.242977
22	-4.893715	-1.946506	-11.792853	22.192401	7.92467	33.821069	-17.727282	3.146176	-10.422177
23	-3.316441	-1.962934	-11.620241	21.022729	7.349083	33.598759	-17.310066	2.784802	-10.646934
24	-1.714336	-1.928329	-11.38689	19.798914	6.787475	33.314325	-16.67321	2.320845	-10.92417
25	-0.099047	-1.848955	-11.098887	18.549959	6.241602	33.000639	-15.852119	1.774062	-11.252901
26	1.523023	-1.715635	-10.735883	17.294216	5.715427	32.679191	-14.807368	1.139244	-11.651551
27	3.142469	-1.54092	-10.302096	16.050421	5.204975	32.371229	-13.587035	0.445972	-12.109115
28	4.746777	-1.3225	-9.764317	14.841145	4.717323	32.090167	-12.171109	-0.298847	-12.639549
29	6.325272	-1.073995	-9.120472	13.6806	4.26223	31.846869	-10.58887	-1.072876	-13.243279
30	7.866486	-0.814098	-8.380572	12.584031	3.860241	31.674223	-8.851044	-1.859161	-13.928662
31	9.360723	-0.568919	-7.57381	11.565183	3.53268	31.607806	-6.979551	-2.644444	-14.691255
32	10.801102	-0.361914	-6.738479	10.634166	3.290179	31.658866	-5.01275	-3.423993	-15.503847
33	12.163608	-0.221075	-5.905331	9.828753	3.159155	31.844928	-2.971842	-4.201664	-16.332875
34	13.445514	-0.148987	-5.098904	9.152631	3.131789	32.134789	-0.898971	-4.987273	-17.136688
35	14.612538	-0.166529	-4.344289	8.663952	3.241103	32.526849	1.174118	-5.796187	-17.863872
36	15.668545	-0.257334	-3.638659	8.361517	3.475014	32.968605	3.214226	-6.632879	-18.488785
37	16.582355	-0.424383	-2.992186	8.300016	3.861443	33.411227	5.181736	-7.504205	-18.959401
38	17.34523	-0.659319	-2.412425	8.490647	4.403935	33.802501	7.048557	-8.40609	-19.254873
39	17.943118	-0.958162	-1.915011	8.952425	5.111137	34.09838	8.781412	-9.326712	-19.361017
40	18.35984	-1.313395	-1.515645	9.717707	5.993604	34.25882	10.335406	-10.240974	-19.275836
41	18.616313	-1.697777	-1.200877	10.767212	7.02505	34.274431	11.695139	-11.115324	-19.052077
42	18.686905	-2.080661	-0.965263	12.168292	8.21819	34.097199	12.784527	-11.895596	-18.730133
43	18.609144	-2.430964	-0.766822	13.864035	9.531236	33.75027	13.623685	-12.565781	-18.395591
44	18.362828	-2.711994	-0.576548	15.90335	10.97211	33.199225	14.142389	-13.084096	-18.12494
45	17.976302	-2.915522	-0.367209	18.22577	12.510307	32.476739	14.373477	-13.465031	-17.959724
46	17.443627	-3.029624	-0.117448	20.825289	14.135008	31.578425	14.308204	-13.704635	-17.924726
47	16.771708	-3.059001	0.184766	23.661939	15.822829	30.512255	13.989639	-13.822905	-17.998367
48	15.968185	-3.012076	0.549547	26.689409	17.545906	29.282399	13.479662	-13.853412	-18.13301
49	15.019441	-2.884353	0.997485	29.88777	19.276	27.865455	12.822769	-13.825937	-18.277995
50	13.94479	-2.686208	1.527293	33.202335	20.982324	26.284463	12.09302	-13.778657	-18.388857
51	12.708894	-2.392893	2.166364	36.629329	22.61887	24.504522	11.32485	-13.730184	-18.422447
52	11.333615	-2.012962	2.895259	40.128208	24.165912	22.57257	10.550127	-13.682864	-18.384851
53	9.782868	-1.521172	3.728242	43.695506	25.570263	20.475658	9.773941	-13.615395	-18.275967
54	8.065831	-0.925527	4.650872	47.309711	26.811479	18.24593	8.987911	-13.494465	-18.125671
55	6.18427	-0.241671	5.640016	50.944992	27.855696	15.91818	8.173332	-13.271715	-17.966261
56	4.16764	0.482661	6.626032	54.554415	28.686332	13.572458	7.31152	-12.900894	-17.828906
57	2.078247	1.17882	7.49867	58.079227	29.328853	11.326365	6.395173	-12.366881	-17.7318
58	-0.031593	1.772929	8.114743	61.440585	29.791596	9.319451	5.413356	-11.648486	-17.688252
59	-2.123	2.244034	8.44478	64.623575	30.14021	7.579686	4.383575	-10.803893	-17.682661
60	-4.176309	2.556456	8.390084	67.553731	30.391329	6.20547	3.320532	-9.871658	-17.70367
61	-6.195943	2.751226	8.002945	70.240467	30.588286	5.162735	2.26047	-8.933653	-17.727799
62	-8.177829	2.854306	7.253603	72.614568	30.745561	4.512951	1.242534	-8.06261	-17.732673
63	-10.121407	2.920809	6.195475	74.656025	30.876082	4.24192	0.297235	-7.305882	-17.703351
64	-12.021262	3.000064	4.896208	76.332317	30.985498	4.330714	-0.550668	-6.689594	-17.635222
65	-13.872814	3.123811	3.457372	77.603915	31.076258	4.732477	-1.281497	-6.22265	-17.529722
66	-15.687921	3.288444	2.025049	78.517604	31.152602	5.312428	-1.907522	-5.871834	-17.397372
67	-17.470031	3.479615	0.72468	79.020562	31.21591	5.999198	-2.420794	-5.629616	-17.247056
68	-19.227398	3.67186	-0.422534	79.196539	31.272423	6.737035	-2.85499	-5.453913	-17.097375
69	-20.947694	3.848457	-1.394975	78.995252	31.319124	7.544077	-3.21341	-5.336422	-16.964925
70	-22.6207	4.005152	-2.247388	78.475409	31.342465	8.440218	-3.523409	-5.255684	-16.852072
71	-24.217177	4.143171	-3.017805	77.624411	31.308151	9.472028	-3.800509	-5.201952	-16.750509
72	-25.709086	4.271799	-3.751568	76.45957	31.181175	10.669905	-4.05775	-5.163644	-16.641924
73	-27.071068	4.402024	-4.479541	75.001838	30.931681	12.043964	-4.299271	-5.12948	-16.504693
74	-28.260867	4.542059	-5.21407	73.230786	30.521336	13.606829	-4.522259	-5.091238	-16.318001
75	-29.282628	4.693282	-5.961292	71.198597	29.964549	15.316649	-4.726329	-5.048178	-16.08664
76	-30.076179	4.858626	-6.743204	68.848133	29.236021	17.19198	-4.897069	-5.005589	-15.818756
77	-30.671436	5.034906	-7.572863	66.238723	28.387114	19.193279	-5.031581	-4.973162	-15.547513
78	-31.02559	5.220068	-8.472719	63.32199	27.423697	21.329151	-5.115259	-4.967969	-15.305951
79	-31.15982	5.405557	-9.442167	60.121956	26.37835	23.570523	-5.142745	-5.002769	-15.121308
80	-31.070032	5.582493	-10.486612	56.624162	25.261458	25.905501	-5.098085	-5.093877	-15.021793
81	-30.757854	5.743941	-11.598627	52.824381	24.066912	28.31708	-4.966562	-5.250966	-15.020717
82	-30.245377	5.887221	-12.747682	48.758003	22.776818	30.769408	-4.745364	-5.465847	-15.105958
83	-29.509858	6.008512	-13.898275	44.421044	21.335363	33.217015	-4.417771	-5.726171	-15.272833
84	-28.594581	6.113316	-15.016984	39.90229	19.731077	35.608953	-4.006237	-5.998492	-15.490454
85	-27.481683	6.200792	-16.057366	35.241996	17.907569	37.861895	-3.517111	-6.255184	-15.753278
86	-26.232972	6.269219	-16.989062	30.548599	15.911506	39.92805	-2.998408	-6.482493	-16.052849
87	-24.880966	6.302332	-17.735636	25.937393	13.769767	41.693927	-2.505526	-6.668541	-16.39923
88	-23.485262	6.288527	-18.248934	21.524332	11.558319	43.098846	-2.101847	-6.817855	-16.789589
89	-22.100008	6.22194	-18.493376	17.422557	9.361022	44.099265	-1.84624	-6.946862	-17.2145
90	-20.772075	6.103426	-18.45569	13.742602	7.266004	44.674207	-1.78399	-7.076101	-17.655038
91	-19.523683	5.948727	-18.204526	10.491636	5.327369	44.912843	-1.897138	-7.213368	-18.083144
92	-18.386536	5.768328	-17.782112	7.776453	3.625242	44.84511	-2.183166	-7.343118	-18.457701
93	-17.344869	5.580833	-17.301136	5.501122	2.138873	44.620917	-2.556748	-7.430561	-18.753045
94	-16.417332	5.395015	-16.849833	3.729518	0.917285	44.330276	-2.942585	-7.402213	-18.921697
95	-15.592373	5.211047	-16.503045	2.37791	-0.067567	44.076254	-3.24496	-7.208688	-18.968725
96	-14.884706	5.01934	-16.33351	1.46338	-0.786033	43.931686	-3.352912	-6.769091	-18.890849
97	-14.300002	4.806015	-16.373413	0.967972	-1.22982	43.92125	-3.186587	-6.034062	-18.710359
98	-13.842405	4.560414	-16.621462	0.871014	-1.398662	44.028014	-2.715501	-4.984995	-18.462089
99	-13.533251	4.273386	-17.078445	1.209324	-1.263049	44.217054	-1.937108	-3.600992	-18.172079
100	-13.356646	3.950858	-17.680015	1.914686	-0.877561	44.418729	-0.98984	-1.987788	-17.856328
