Time	Hip_Z	Hip_X	Hip_Y	Knee_Z	Knee_X	Knee_Y	Ankle_Z	Ankle_X	Ankle_Y
0	1.969158	-0.486739	-14.782424	9.79223	-4.267945	33.1732	-1.065089	-2.719798	-15.767518
1	1.055908	-0.508503	-14.309141	12.578421	-4.123209	31.607602	-0.638373	-0.017633	-14.653887
2	-0.088677	-0.539342	-13.731232	15.671993	-4.037841	29.929617	-0.741122	2.921031	-13.442109
3	-1.475124	-0.608353	-13.084797	19.011381	-3.943601	28.3437	-1.495796	5.72143	-12.217989
4	-3.008566	-0.733483	-12.422226	22.443977	-3.720769	26.987771	-2.757999	8.066889	-11.093848
5	-4.597875	-0.932351	-11.782241	25.839334	-3.234978	25.936962	-4.462033	9.680104	-10.183104
6	-6.117252	-1.190656	-11.197789	29.076661	-2.49039	25.11427	-6.444991	10.575491	-9.489589
7	-7.420322	-1.475775	-10.698302	32.036554	-1.592419	24.420102	-8.564128	10.861475	-8.955703
8	-8.379228	-1.740627	-10.292782	34.632531	-0.705305	23.781129	-10.6915	10.732809	-8.500287
9	-8.92853	-1.944768	-9.966791	36.828796	0.020144	23.167069	-12.730905	10.408001	-8.054959
10	-9.010683	-2.062374	-9.702508	38.566678	0.466609	22.581324	-14.610989	10.033278	-7.584499
11	-8.713099	-2.103951	-9.464968	39.90193	0.635509	22.030514	-16.31774	9.705815	-7.09262
12	-8.056866	-2.070859	-9.23258	40.792049	0.511511	21.533515	-17.804201	9.474555	-6.611438
13	-7.187075	-1.993552	-8.9921	41.346142	0.203773	21.089459	-19.104369	9.320271	-6.181494
14	-6.143169	-1.885729	-8.737463	41.529842	-0.236897	20.715244	-20.182194	9.218352	-5.871457
15	-5.007483	-1.769633	-8.476192	41.437388	-0.716146	20.395961	-21.086699	9.107952	-5.695548
16	-3.79214	-1.65824	-8.222883	41.040813	-1.185541	20.128874	-21.798496	8.927441	-5.683695
17	-2.510021	-1.562626	-7.997123	40.385999	-1.612983	19.897562	-22.343442	8.646586	-5.798733
18	-1.1455	-1.499197	-7.827527	39.458861	-1.962188	19.705181	-22.699742	8.234116	-6.021999
19	0.309684	-1.480537	-7.730215	38.280193	-2.209366	19.561601	-22.863385	7.688156	-6.32569
20	1.866115	-1.516981	-7.714029	36.858854	-2.335322	19.488985	-22.812732	7.013634	-6.69452
21	3.53169	-1.611278	-7.775692	35.202959	-2.336274	19.515532	-22.514806	6.226622	-7.120388
22	5.299813	-1.751907	-7.888677	33.353522	-2.236424	19.655935	-21.960927	5.363304	-7.594674
23	7.175142	-1.92751	-8.018111	31.336245	-2.051983	19.935221	-21.10811	4.454765	-8.127164
24	9.13209	-2.113283	-8.118053	29.226108	-1.819773	20.33884	-19.995019	3.541564	-8.724487
25	11.16726	-2.279729	-8.131721	27.072398	-1.560447	20.886622	-18.584289	2.653937	-9.423825
26	13.246322	-2.401196	-8.042259	24.934515	-1.301898	21.5418	-16.945071	1.803842	-10.222757
27	15.351564	-2.434151	-7.807027	22.866924	-1.067744	22.304477	-15.050477	1.008541	-11.144817
28	17.458874	-2.372182	-7.445251	20.892475	-0.868151	23.131219	-12.966455	0.257408	-12.157809
29	19.547632	-2.190609	-6.945371	19.059595	-0.716424	23.99396	-10.700813	-0.455864	-13.248552
30	21.59586	-1.904561	-6.339126	17.384313	-0.606902	24.851311	-8.31053	-1.150941	-14.378479
31	23.56589	-1.524178	-5.649578	15.913773	-0.531045	25.659704	-5.839467	-1.846485	-15.508959
32	25.422064	-1.076056	-4.91185	14.681019	-0.469528	26.383364	-3.348058	-2.562836	-16.592879
33	27.122221	-0.590741	-4.164284	13.725832	-0.398042	26.995191	-0.900641	-3.318948	-17.57406
34	28.61297	-0.101916	-3.448678	13.101674	-0.287741	27.475403	1.441089	-4.130102	-18.388378
35	29.873252	0.352433	-2.800585	12.813598	-0.111344	27.833364	3.641775	-4.998261	-18.997877
36	30.849336	0.728454	-2.258519	12.930007	0.174229	28.063869	5.65552	-5.932543	-19.332692
37	31.577496	1.013594	-1.820594	13.402306	0.579356	28.202763	7.503877	-6.923115	-19.412926
38	32.008993	1.17836	-1.51211	14.307911	1.152669	28.249427	9.163297	-7.975797	-19.181696
39	32.214655	1.252032	-1.300372	15.556871	1.869953	28.224457	10.68996	-9.05951	-18.712283
40	32.185945	1.241372	-1.184126	17.197881	2.750931	28.100907	12.088505	-10.129057	-18.000688
41	32.000979	1.189244	-1.126961	19.147139	3.749016	27.876582	13.399891	-11.123846	-17.144938
42	31.6955	1.125823	-1.111295	21.41065	4.838813	27.512776	14.616918	-11.953961	-16.214595
43	31.328851	1.077404	-1.115855	23.932273	5.965765	26.994833	15.727652	-12.570314	-15.290236
44	30.941007	1.060628	-1.131341	26.694058	7.074061	26.293726	16.681291	-12.923846	-14.433858
45	30.551847	1.076621	-1.158036	29.669777	8.112542	25.404725	17.42331	-13.015694	-13.680657
46	30.154625	1.11029	-1.204173	32.834765	9.042654	24.34362	17.905568	-12.885548	-13.038152
47	29.717626	1.136324	-1.283271	36.184871	9.831433	23.127495	18.072039	-12.574941	-12.501212
48	29.202679	1.128893	-1.401748	39.682796	10.485833	21.812331	17.941214	-12.161978	-12.038479
49	28.543941	1.06259	-1.570149	43.322802	10.998421	20.44053	17.48319	-11.693971	-11.642968
50	27.719265	0.943998	-1.778854	47.054509	11.415645	19.071156	16.78408	-11.218465	-11.299955
51	26.637257	0.77986	-2.029796	50.864074	11.753025	17.755949	15.84945	-10.755628	-11.032727
52	25.315433	0.609954	-2.306279	54.707805	12.054759	16.509579	14.786367	-10.302253	-10.838737
53	23.685621	0.481476	-2.604135	58.557935	12.331689	15.353925	13.645793	-9.840406	-10.737198
54	21.789118	0.429734	-2.913705	62.381079	12.58458	14.272696	12.498238	-9.34537	-10.706637
55	19.627511	0.495532	-3.231347	66.132299	12.788181	13.264768	11.39392	-8.781358	-10.728434
56	17.272878	0.682135	-3.555046	69.770972	12.918708	12.323653	10.357502	-8.128781	-10.768942
57	14.808034	0.980778	-3.883647	73.237533	12.955149	11.462834	9.397043	-7.373534	-10.802162
58	12.335926	1.36087	-4.213961	76.472587	12.900787	10.704388	8.498448	-6.521187	-10.81927
59	9.957779	1.775736	-4.538612	79.433901	12.788717	10.064006	7.630782	-5.600675	-10.832801
60	7.75826	2.183045	-4.844992	82.05311	12.661639	9.56345	6.765333	-4.64719	-10.870282
61	5.742361	2.552422	-5.12346	84.342471	12.568205	9.186791	5.881173	-3.709923	-10.956778
62	3.916214	2.860692	-5.359213	86.230889	12.561511	8.946924	4.965282	-2.84742	-11.125518
63	2.201999	3.118453	-5.556217	87.785244	12.654601	8.811518	4.027129	-2.086905	-11.3755
64	0.566936	3.327235	-5.709964	88.933167	12.885733	8.797039	3.080059	-1.483118	-11.732018
65	-1.039494	3.510393	-5.840357	89.752609	13.229654	8.88199	2.145691	-1.019245	-12.17252
66	-2.639097	3.679109	-5.969109	90.194632	13.690667	9.093153	1.249392	-0.717907	-12.69164
67	-4.244566	3.845158	-6.123926	90.310938	14.231068	9.430587	0.400945	-0.548357	-13.248984
68	-5.855005	4.013648	-6.337401	90.082043	14.818579	9.926981	-0.390144	-0.496227	-13.800559
69	-7.457117	4.183724	-6.632247	89.531218	15.410288	10.596603	-1.127615	-0.524705	-14.300968
70	-9.024871	4.349613	-7.032177	88.661396	15.967464	11.460992	-1.814888	-0.599522	-14.709532
71	-10.519706	4.502749	-7.556295	87.466967	16.459309	12.539297	-2.455387	-0.691422	-14.997763
72	-11.900532	4.634928	-8.201045	85.969994	16.87132	13.821091	-3.05711	-0.777687	-15.163513
73	-13.105346	4.733209	-8.969644	84.138858	17.18781	15.318458	-3.621368	-0.844974	-15.199502
74	-14.124174	4.791871	-9.828256	82.021439	17.4243	16.985257	-4.157003	-0.893432	-15.138296
75	-14.899902	4.791081	-10.76824	79.571731	17.574393	18.825431	-4.661182	-0.929045	-14.984074
76	-15.469172	4.732157	-11.753592	76.85815	17.662571	20.781507	-5.140333	-0.972596	-14.772326
77	-15.784024	4.595744	-12.768672	73.824145	17.689773	22.851309	-5.580349	-1.058852	-14.519502
78	-15.884088	4.39563	-13.786418	70.510332	17.677148	25.002661	-5.965466	-1.207014	-14.263373
79	-15.736319	4.130876	-14.778872	66.851173	17.61358	27.239591	-6.246354	-1.444266	-14.031434
80	-15.366757	3.817869	-15.719569	62.866043	17.470025	29.537482	-6.399863	-1.761303	-13.826638
81	-14.767259	3.464316	-16.56723	58.541174	17.165247	31.850027	-6.398305	-2.138386	-13.636326
82	-13.956523	3.081366	-17.283931	53.922828	16.61533	34.089858	-6.246087	-2.531756	-13.437572
83	-12.953922	2.681118	-17.825864	49.079688	15.742083	36.133343	-5.963877	-2.887638	-13.212058
84	-11.772423	2.275852	-18.140541	44.08929	14.482553	37.828663	-5.583204	-3.149554	-12.954866
85	-10.449975	1.878621	-18.211349	39.058608	12.866502	39.07362	-5.160686	-3.282876	-12.680879
86	-8.996129	1.507534	-17.986581	34.087474	10.902544	39.702158	-4.753355	-3.249361	-12.419467
87	-7.458952	1.176874	-17.520873	29.249481	8.732379	39.771023	-4.415858	-3.088694	-12.206227
88	-5.862689	0.916722	-16.825491	24.660296	6.463969	39.225132	-4.227473	-2.846985	-12.104805
89	-4.260717	0.725218	-16.027713	20.338778	4.250261	38.314013	-4.196171	-2.62977	-12.141282
90	-2.712978	0.616229	-15.230117	16.421119	2.240382	37.19918	-4.359179	-2.559541	-12.396454
91	-1.264814	0.565972	-14.534328	12.920169	0.480495	36.126109	-4.658972	-2.695353	-12.866151
92	0.022105	0.558564	-14.039723	9.96932	-0.968998	35.302827	-5.042733	-3.108823	-13.578494
93	1.132484	0.566194	-13.768981	7.582932	-2.143516	34.814635	-5.412438	-3.770362	-14.479652
94	2.040148	0.565265	-13.728812	5.833068	-3.053811	34.685957	-5.649981	-4.628312	-15.491682
95	2.73749	0.537077	-13.876147	4.736741	-3.717705	34.833957	-5.651607	-5.564822	-16.492152
96	3.223444	0.4699	-14.136388	4.276848	-4.148231	35.110248	-5.348697	-6.402193	-17.348282
97	3.477532	0.358868	-14.428959	4.476451	-4.34047	35.347927	-4.697429	-6.90726	-17.933401
98	3.521212	0.217456	-14.666489	5.238276	-4.345473	35.386531	-3.776727	-6.898359	-18.201458
99	3.326594	0.060462	-14.760456	6.602615	-4.19332	35.04144	-2.691013	-6.115076	-18.075911
100	2.935282	-0.092952	-14.693188	8.433276	-3.975134	34.297812	-1.656467	-4.622578	-17.633306
