Time	Hip_Z	Hip_X	Hip_Y	Knee_Z	Knee_X	Knee_Y	Ankle_Z	Ankle_X	Ankle_Y
0	-28.250108	7.85181	-1.491973	4.73813	1.916952	30.953878	-10.436758	-5.063359	-16.036509
1	-28.534296	7.926652	-1.714686	6.476623	2.544133	30.254351	-9.466055	-3.742526	-14.903468
2	-28.955233	7.931109	-2.02527	8.537584	3.192767	29.493709	-8.193822	-2.112348	-13.620635
3	-29.560168	7.822485	-2.429553	10.951652	3.826671	28.637796	-6.762536	-0.191362	-12.209838
4	-30.334802	7.587079	-2.90994	13.647991	4.450945	27.720117	-5.42893	1.82831	-10.777301
5	-31.284001	7.190145	-3.467842	16.621842	5.116004	26.792299	-4.430127	3.736158	-9.443091
6	-32.360759	6.62539	-4.081046	19.82571	5.886687	25.889763	-3.928352	5.333569	-8.305126
7	-33.507943	5.883552	-4.710277	23.225927	6.797711	24.983112	-4.022748	6.513111	-7.407171
8	-34.640597	4.973685	-5.279028	26.7403	7.82424	23.989472	-4.701811	7.282312	-6.743323
9	-35.682854	3.931076	-5.710046	30.249549	8.901094	22.845525	-5.847042	7.731987	-6.28065
10	-36.547517	2.809531	-5.91513	33.58787	9.958847	21.524037	-7.338519	7.93372	-6.011272
11	-37.196472	1.693314	-5.883299	36.63727	10.957797	20.10009	-9.006109	7.976038	-5.902668
12	-37.541263	0.683957	-5.579529	39.221801	11.855185	18.688453	-10.73075	7.887256	-5.954353
13	-37.611419	-0.175443	-5.080056	41.361607	12.637709	17.390485	-12.41833	7.717649	-6.10131
14	-37.366094	-0.823814	-4.415697	42.973482	13.231465	16.313609	-14.006794	7.48601	-6.295046
15	-36.891437	-1.299199	-3.684275	44.189579	13.624121	15.45926	-15.500699	7.23806	-6.475979
16	-36.202019	-1.599792	-2.950436	45.019026	13.761067	14.87524	-16.893761	7.010706	-6.615763
17	-35.364125	-1.773567	-2.271929	45.565427	13.677431	14.530752	-18.204512	6.834783	-6.72608
18	-34.396583	-1.838131	-1.683916	45.85182	13.386597	14.423577	-19.42661	6.735313	-6.826268
19	-33.320365	-1.824324	-1.182607	45.914404	12.941601	14.498901	-20.557693	6.71094	-6.934665
20	-32.134697	-1.755433	-0.745486	45.752016	12.391337	14.705245	-21.591951	6.740571	-7.062186
21	-30.82594	-1.656857	-0.339246	45.339663	11.788258	14.981876	-22.523641	6.77266	-7.20864
22	-29.388805	-1.549365	0.062746	44.666372	11.170222	15.270975	-23.348617	6.753628	-7.358305
23	-27.801347	-1.449365	0.478132	43.677101	10.56268	15.52001	-24.024224	6.629839	-7.493415
24	-26.081085	-1.365559	0.912009	42.394573	9.980821	15.708217	-24.522558	6.393357	-7.616458
25	-24.21759	-1.305049	1.372011	40.773643	9.444049	15.816179	-24.734197	6.024053	-7.746729
26	-22.257234	-1.261561	1.85834	38.898238	8.949909	15.863756	-24.643809	5.552823	-7.907555
27	-20.220571	-1.229001	2.380154	36.778331	8.508324	15.870826	-24.141965	4.970951	-8.141453
28	-18.156871	-1.19332	2.932964	34.517215	8.110217	15.886862	-23.271982	4.307899	-8.468585
29	-16.098907	-1.138302	3.520127	32.17521	7.75179	15.960425	-21.992594	3.581502	-8.919339
30	-14.075693	-1.048538	4.136469	29.835039	7.414065	16.123183	-20.3653	2.838428	-9.483243
31	-12.109153	-0.905597	4.778948	27.557712	7.083371	16.401813	-18.403411	2.117885	-10.159516
32	-10.208512	-0.697002	5.43764	25.389992	6.750364	16.803058	-16.15759	1.446005	-10.939611
33	-8.373763	-0.416907	6.102638	23.360327	6.41657	17.324718	-13.669726	0.82678	-11.8209
34	-6.598553	-0.063765	6.765395	21.496794	6.090345	17.954436	-10.978746	0.248553	-12.798813
35	-4.866577	0.347731	7.419948	19.798333	5.781318	18.656137	-8.144869	-0.311855	-13.846573
36	-3.172897	0.803123	8.058572	18.292461	5.511753	19.395974	-5.209275	-0.876401	-14.938813
37	-1.513033	1.275331	8.681302	16.959538	5.296664	20.129628	-2.23657	-1.462217	-16.033331
38	0.094425	1.741632	9.288715	15.842051	5.169505	20.79421	0.707344	-2.095057	-17.062446
39	1.643029	2.184245	9.884818	14.912662	5.129765	21.344404	3.565273	-2.782162	-17.968312
40	3.096753	2.579431	10.46511	14.221322	5.204289	21.695113	6.251653	-3.542388	-18.643182
41	4.438077	2.918635	11.029414	13.758232	5.383355	21.823213	8.733066	-4.360191	-19.047519
42	5.622393	3.184247	11.568184	13.581074	5.682644	21.670407	10.943048	-5.221404	-19.102805
43	6.634746	3.374695	12.064018	13.70404	6.095013	21.251309	12.877195	-6.086859	-18.826015
44	7.447671	3.481897	12.490523	14.17223	6.622973	20.57526	14.514215	-6.909524	-18.236826
45	8.045997	3.500892	12.826489	15.010837	7.257769	19.692663	15.849929	-7.631419	-17.417191
46	8.425297	3.430738	13.061517	16.225586	7.9896	18.672422	16.881231	-8.202544	-16.476442
47	8.566504	3.270811	13.183061	17.841532	8.821215	17.595166	17.562692	-8.564039	-15.550559
48	8.489608	3.041663	13.20851	19.812669	9.743293	16.527542	17.893021	-8.713132	-14.743015
49	8.167596	2.754687	13.155761	22.160808	10.763841	15.502631	17.79301	-8.623054	-14.1443
50	7.64196	2.436069	13.074503	24.800163	11.860551	14.503459	17.323206	-8.352449	-13.735191
51	6.883907	2.103478	13.012193	27.748283	13.031793	13.483077	16.436772	-7.916037	-13.515012
52	5.950636	1.782076	13.000856	30.908728	14.242553	12.394993	15.260227	-7.396066	-13.393102
53	4.822966	1.500964	13.071915	34.26542	15.46874	11.186232	13.824251	-6.83668	-13.320937
54	3.523846	1.279951	13.222569	37.739675	16.678016	9.857941	12.244501	-6.288617	-13.246677
55	2.029417	1.145997	13.455563	41.283271	17.840441	8.416466	10.58965	-5.780799	-13.14641
56	0.344857	1.108126	13.754083	44.835476	18.928771	6.906227	8.932092	-5.31679	-13.00757
57	-1.531863	1.170651	14.102681	48.357551	19.908779	5.366966	7.309069	-4.881328	-12.813681
58	-3.581942	1.322107	14.468148	51.816015	20.750149	3.857565	5.73871	-4.435989	-12.550518
59	-5.763523	1.535721	14.801913	55.185264	21.453906	2.442884	4.222209	-3.942387	-12.220886
60	-8.031327	1.774715	15.028006	58.4238	22.03481	1.211624	2.760216	-3.367419	-11.834699
61	-10.324876	1.994294	15.099231	61.518558	22.543889	0.197163	1.3413	-2.719027	-11.418247
62	-12.585739	2.143977	14.939514	64.417892	23.018519	-0.53428	-0.032456	-2.01435	-10.992981
63	-14.785722	2.216714	14.56558	67.131219	23.489107	-1.027364	-1.367694	-1.298363	-10.577956
64	-16.904458	2.213839	13.953064	69.593287	23.959694	-1.264168	-2.653317	-0.611872	-10.197782
65	-18.96678	2.183715	13.196471	71.815236	24.418457	-1.327377	-3.895375	0.023844	-9.87004
66	-20.981947	2.1625	12.361766	73.719651	24.845721	-1.236493	-5.087036	0.583904	-9.631243
67	-22.96702	2.176445	11.538489	75.298129	25.231011	-1.039884	-6.232702	1.06785	-9.497227
68	-24.926578	2.239757	10.782738	76.488602	25.564351	-0.742288	-7.32395	1.466951	-9.495692
69	-26.863276	2.34679	10.120345	77.278487	25.846975	-0.346594	-8.353417	1.783706	-9.63503
70	-28.768256	2.484151	9.555249	77.647884	26.079578	0.157579	-9.307508	2.014925	-9.918385
71	-30.617729	2.632252	9.074553	77.577338	26.259851	0.787596	-10.167624	2.152296	-10.330496
72	-32.387613	2.771643	8.651727	77.093133	26.385783	1.547129	-10.929177	2.194627	-10.828735
73	-34.037427	2.879684	8.265549	76.166097	26.438589	2.454077	-11.578692	2.130354	-11.36295
74	-35.556559	2.945736	7.891731	74.86305	26.409631	3.488947	-12.131868	1.979872	-11.876664
75	-36.890732	2.952947	7.508848	73.138357	26.2591	4.667989	-12.578649	1.751751	-12.307928
76	-38.046268	2.911744	7.100667	71.076423	25.985181	5.962638	-12.942406	1.484989	-12.634655
77	-38.969218	2.824985	6.647635	68.631905	25.536543	7.388434	-13.216729	1.202511	-12.813125
78	-39.688351	2.715986	6.151907	65.883359	24.911935	8.915624	-13.424475	0.925377	-12.857679
79	-40.180804	2.605016	5.603214	62.820806	24.056924	10.541576	-13.56326	0.663034	-12.748559
80	-40.471635	2.52271	4.991737	59.501298	22.974442	12.248379	-13.643767	0.408391	-12.514396
81	-40.547026	2.507506	4.284966	55.916415	21.669997	14.062278	-13.658193	0.145375	-12.202974
82	-40.407763	2.599381	3.444093	52.052976	20.210026	16.040689	-13.581908	-0.137053	-11.917144
83	-40.053789	2.82382	2.439231	47.886831	18.664168	18.245826	-13.389699	-0.448088	-11.758321
84	-39.48365	3.185943	1.259463	43.397321	17.0865	20.726181	-13.068968	-0.806492	-11.829858
85	-38.731417	3.645237	-0.049525	38.646923	15.489864	23.431626	-12.650159	-1.223202	-12.163449
86	-37.810205	4.148972	-1.426757	33.720674	13.844178	26.255498	-12.173725	-1.712982	-12.791522
87	-36.777245	4.632877	-2.783554	28.766531	12.131512	29.024105	-11.691209	-2.267602	-13.643028
88	-35.663302	5.028813	-4.001601	23.947024	10.337407	31.510822	-11.248028	-2.905188	-14.696637
89	-34.528812	5.314524	-5.013544	19.369877	8.505047	33.609987	-10.866928	-3.616771	-15.853626
90	-33.419337	5.451214	-5.700538	15.209112	6.692105	35.132018	-10.580679	-4.414674	-17.045652
91	-32.364507	5.465108	-6.070473	11.500984	4.965642	36.106705	-10.387834	-5.275389	-18.173453
92	-31.392845	5.370502	-6.102763	8.361861	3.405632	36.484248	-10.303666	-6.171473	-19.126365
93	-30.519249	5.221123	-5.890145	5.786256	2.06299	36.381939	-10.319487	-7.041411	-19.834612
94	-29.768989	5.064582	-5.521185	3.810513	0.994504	35.896616	-10.436951	-7.816505	-20.251957
95	-29.165493	4.949626	-5.114873	2.429857	0.231625	35.183377	-10.644501	-8.426806	-20.394285
96	-28.722379	4.904435	-4.764431	1.622229	-0.223149	34.382568	-10.910975	-8.828566	-20.319192
97	-28.452225	4.945464	-4.544487	1.401999	-0.366056	33.61532	-11.171852	-8.978042	-20.083026
98	-28.328813	5.059121	-4.463366	1.688426	-0.256338	32.932023	-11.338785	-8.879448	-19.731571
99	-28.349277	5.230695	-4.523199	2.497239	0.083973	32.332656	-11.253395	-8.460078	-19.230654
100	-28.475391	5.421927	-4.670421	3.698859	0.566183	31.748454	-10.825496	-7.710403	-18.553318
