Time	Hip_Z	Hip_X	Hip_Y	Knee_Z	Knee_X	Knee_Y	Ankle_Z	Ankle_X	Ankle_Y
0	-21.566895	2.683566	-28.190481	10.864138	0.163985	33.954397	-12.975388	-4.606142	-6.815189
1	-21.234978	2.010875	-28.407129	12.331571	0.513937	33.132289	-11.994128	-3.155018	-6.105746
2	-20.956488	1.337699	-28.557724	13.983619	0.852711	32.224886	-10.737517	-1.371089	-5.240772
3	-20.72677	0.675445	-28.636297	15.779997	1.144366	31.321768	-9.267093	0.691738	-4.292691
4	-20.539497	0.026276	-28.669012	17.662979	1.395265	30.503514	-7.780945	2.850992	-3.356027
5	-20.420896	-0.613826	-28.629457	19.669717	1.617734	29.828855	-6.529126	4.948539	-2.509025
6	-20.354276	-1.264286	-28.498766	21.809374	1.842812	29.265004	-5.681018	6.85211	-1.776742
7	-20.299442	-1.952163	-28.226224	24.113272	2.095116	28.790193	-5.488763	8.391022	-1.188356
8	-20.203046	-2.67323	-27.819066	26.516121	2.37154	28.3455	-5.888145	9.562537	-0.69925
9	-20.011699	-3.397006	-27.261081	28.931506	2.648483	27.887382	-6.88118	10.313817	-0.28107
10	-19.720731	-4.074722	-26.602677	31.256583	2.884842	27.390602	-8.242703	10.763612	0.115466
11	-19.303505	-4.651647	-25.891433	33.368565	3.020706	26.849945	-9.851066	10.97006	0.521579
12	-18.763501	-5.119342	-25.18341	35.223324	3.036839	26.296835	-11.551542	11.046916	0.941363
13	-18.079148	-5.461858	-24.517272	36.742403	2.910806	25.771365	-13.251184	11.052416	1.353341
14	-17.274681	-5.705583	-23.906356	37.951174	2.677197	25.30191	-14.891925	11.035624	1.723753
15	-16.362011	-5.868896	-23.345735	38.829624	2.372239	24.906952	-16.43048	11.017877	1.996411
16	-15.378908	-5.988262	-22.804263	39.430362	2.052018	24.571535	-17.85948	11.004828	2.138644
17	-14.349123	-6.087018	-22.271164	39.751598	1.76602	24.294205	-19.159074	10.989824	2.114408
18	-13.293895	-6.182587	-21.755439	39.827227	1.538085	24.065569	-20.332565	10.960022	1.945582
19	-12.219882	-6.284614	-21.260887	39.653844	1.370897	23.857708	-21.365032	10.899463	1.667239
20	-11.126279	-6.393824	-20.770222	39.258015	1.24038	23.624684	-22.257642	10.801301	1.335714
21	-10.000535	-6.502206	-20.255503	38.639059	1.121251	23.324861	-22.988471	10.663604	0.991005
22	-8.823708	-6.59908	-19.696481	37.81182	0.995622	22.947411	-23.543728	10.493524	0.651939
23	-7.570539	-6.680182	-19.093578	36.777625	0.861359	22.505794	-23.893246	10.293306	0.315549
24	-6.232271	-6.750271	-18.471235	35.555838	0.73234	22.038806	-24.02005	10.064126	-0.037767
25	-4.811257	-6.812762	-17.854141	34.171868	0.626925	21.593669	-23.902692	9.805294	-0.438523
26	-3.32496	-6.86558	-17.260907	32.664387	0.557644	21.21063	-23.533771	9.513523	-0.914416
27	-1.809318	-6.900253	-16.709673	31.084175	0.530914	20.925018	-22.916329	9.180497	-1.48486
28	-0.308739	-6.904129	-16.21066	29.481468	0.545088	20.760412	-22.056106	8.798144	-2.158248
29	1.121569	-6.860603	-15.760992	27.910317	0.588555	20.719911	-20.971061	8.36501	-2.9299
30	2.438967	-6.754255	-15.351446	26.415767	0.646556	20.79368	-19.66818	7.881314	-3.786842
31	3.652296	-6.586016	-14.959064	25.023255	0.699621	20.94219	-18.172979	7.354157	-4.691457
32	4.791322	-6.361301	-14.559336	23.753167	0.731434	21.123237	-16.493423	6.79012	-5.603394
33	5.897767	-6.096052	-14.132361	22.608752	0.737019	21.294465	-14.658469	6.202603	-6.485896
34	6.993569	-5.802322	-13.665127	21.61041	0.721525	21.42758	-12.677852	5.600698	-7.311979
35	8.080785	-5.498196	-13.160457	20.764189	0.702913	21.509989	-10.585589	4.992729	-8.06447
36	9.139297	-5.198589	-12.620811	20.106861	0.70317	21.53246	-8.399612	4.380921	-8.714803
37	10.148894	-4.91577	-12.055172	19.645525	0.742632	21.506812	-6.15568	3.764882	-9.254887
38	11.083472	-4.661987	-11.469522	19.426468	0.84615	21.444471	-3.87183	3.14196	-9.659185
39	11.932463	-4.442036	-10.877603	19.446854	1.022808	21.368299	-1.572499	2.507818	-9.92948
40	12.665616	-4.26742	-10.292367	19.760667	1.295603	21.296047	0.723585	1.851684	-10.028398
41	13.277794	-4.136571	-9.724532	20.350331	1.662966	21.241843	2.998974	1.170381	-9.953583
42	13.733324	-4.056293	-9.186475	21.268111	2.148322	21.221245	5.235364	0.462601	-9.662638
43	14.04774	-4.016119	-8.680382	22.465625	2.742158	21.23997	7.428361	-0.258157	-9.193566
44	14.198792	-4.014557	-8.214428	23.973801	3.470884	21.313291	9.558744	-0.974875	-8.547076
45	14.217366	-4.034706	-7.779526	25.72145	4.321135	21.434659	11.624207	-1.668938	-7.786258
46	14.087014	-4.063381	-7.374085	27.718527	5.325468	21.609683	13.594288	-2.315815	-6.941423
47	13.839771	-4.084292	-6.988639	29.890033	6.466547	21.823882	15.460783	-2.908347	-6.079944
48	13.460271	-4.082835	-6.630728	32.236678	7.781139	22.073789	17.149145	-3.418997	-5.272432
49	12.982916	-4.056293	-6.302183	34.701652	9.233336	22.333491	18.628215	-3.852412	-4.571352
50	12.398816	-3.989935	-6.013669	37.294736	10.823097	22.558771	19.752329	-4.17931	-4.063384
51	11.74306	-3.881257	-5.754717	39.983662	12.472198	22.70552	20.522906	-4.409576	-3.734412
52	11.020132	-3.701703	-5.525667	42.785355	14.101286	22.692048	20.819355	-4.502498	-3.609544
53	10.261501	-3.446554	-5.315297	45.668509	15.63272	22.515838	20.753134	-4.47221	-3.607937
54	9.476887	-3.076251	-5.125085	48.627802	16.962197	22.138273	20.327324	-4.286314	-3.686547
55	8.67304	-2.598783	-4.958149	51.624714	18.083515	21.620637	19.69788	-3.977696	-3.769967
56	7.821393	-1.992573	-4.840129	54.64032	18.943005	20.983681	18.933666	-3.538223	-3.791977
57	6.891731	-1.294599	-4.786685	57.657238	19.602633	20.286868	18.12539	-3.006959	-3.724061
58	5.816969	-0.533943	-4.840751	60.66509	20.081523	19.558164	17.30701	-2.391662	-3.534566
59	4.580782	0.227703	-5.006242	63.657987	20.46103	18.822933	16.484046	-1.725542	-3.248721
60	3.130134	0.925522	-5.307824	66.620682	20.782885	18.091961	15.630091	-1.024142	-2.879765
61	1.486916	1.525546	-5.718916	69.538565	21.087078	17.369624	14.715588	-0.309669	-2.470002
62	-0.364674	1.990466	-6.231871	72.371635	21.384631	16.664358	13.695704	0.403678	-2.050997
63	-2.383466	2.337485	-6.811336	75.092718	21.673004	15.986068	12.565248	1.104931	-1.653609
64	-4.562566	2.580209	-7.437223	77.63828	21.93783	15.361969	11.311176	1.77975	-1.310477
65	-6.848782	2.768462	-8.084587	79.979099	22.165989	14.81415	9.960649	2.419044	-1.033996
66	-9.188787	2.949274	-8.739884	82.039766	22.336918	14.386727	8.535665	3.008554	-0.843235
67	-11.522294	3.165277	-9.396682	83.800732	22.445363	14.10074	7.076511	3.546956	-0.736987
68	-13.802695	3.454657	-10.056168	85.203405	22.480492	13.99279	5.619551	4.026259	-0.716292
69	-16.01449	3.828893	-10.721676	86.254913	22.446808	14.060501	4.194607	4.445412	-0.75761
70	-18.157841	4.292221	-11.393317	86.930256	22.346541	14.309009	2.830971	4.793173	-0.834229
71	-20.248162	4.822505	-12.064378	87.249355	22.193774	14.714237	1.543526	5.06615	-0.913473
72	-22.286763	5.386633	-12.725799	87.196695	22.002929	15.260653	0.346617	5.255536	-0.962511
73	-24.269541	5.943565	-13.364321	86.7809	21.790866	15.917018	-0.759048	5.364469	-0.9577
74	-26.18758	6.445547	-13.947048	85.991671	21.572013	16.639135	-1.774888	5.39961	-0.88124
75	-28.034017	6.85055	-14.43861	84.83332	21.357031	17.377816	-2.712352	5.37214	-0.729772
76	-29.793225	7.12837	-14.824719	83.301398	21.151961	18.110567	-3.586451	5.29134	-0.51014
77	-31.439894	7.273336	-15.123873	81.388377	20.956305	18.853097	-4.411141	5.165734	-0.24057
78	-32.937983	7.302368	-15.379806	79.090972	20.764635	19.646628	-5.199115	5.004111	0.045737
79	-34.238308	7.240781	-15.643829	76.390836	20.56644	20.544808	-5.956818	4.810254	0.312156
80	-35.297344	7.126019	-15.970142	73.290856	20.339293	21.600866	-6.684084	4.592461	0.524541
81	-36.064411	6.988182	-16.404602	69.769946	20.044521	22.864968	-7.371356	4.363169	0.65806
82	-36.526969	6.856683	-16.972569	65.855907	19.635872	24.348678	-8.015196	4.13749	0.707959
83	-36.661533	6.754892	-17.700386	61.553395	19.048697	26.055246	-8.613647	3.929051	0.673315
84	-36.509931	6.698148	-18.584661	56.941471	18.238284	27.923652	-9.169566	3.745964	0.568271
85	-36.09069	6.70143	-19.632469	52.071617	17.148618	29.887278	-9.670903	3.587294	0.390071
86	-35.470333	6.762311	-20.810831	47.049206	15.79526	31.841926	-10.105601	3.431541	0.140703
87	-34.670599	6.874911	-22.088282	41.954003	14.176628	33.669362	-10.452138	3.244715	-0.184259
88	-33.74497	7.0092	-23.386221	36.891042	12.365167	35.259764	-10.718601	2.990969	-0.558176
89	-32.71496	7.13302	-24.617633	31.974145	10.411667	36.465483	-10.914438	2.619585	-0.953448
90	-31.624173	7.216843	-25.709534	27.286357	8.42001	37.260854	-11.080046	2.111421	-1.342888
91	-30.494221	7.229175	-26.571905	22.962441	6.487788	37.58484	-11.256085	1.432831	-1.719913
92	-29.354192	7.165396	-27.201168	19.040305	4.693692	37.567176	-11.479965	0.616236	-2.104774
93	-28.224702	7.010085	-27.571826	15.66563	3.1355	37.305647	-11.787619	-0.322555	-2.545553
94	-27.123285	6.780831	-27.768596	12.816125	1.818923	36.989534	-12.172997	-1.31351	-3.070113
95	-26.0844	6.471052	-27.835429	10.638153	0.804427	36.740822	-12.636599	-2.288197	-3.689197
96	-25.127754	6.098411	-27.858078	9.050509	0.048977	36.60144	-13.139798	-3.176253	-4.339869
97	-24.304399	5.653703	-27.883023	8.176888	-0.391491	36.56986	-13.638916	-3.873639	-4.928968
98	-23.612526	5.152721	-27.930611	7.869312	-0.579743	36.553449	-14.07413	-4.346523	-5.373934
99	-23.087023	4.590409	-27.996564	8.193629	-0.493206	36.436797	-14.335772	-4.473904	-5.556127
100	-22.679527	3.988431	-28.051571	8.957669	-0.234283	36.157804	-14.373982	-4.274584	-5.49684
