Time	Hip_Z	Hip_X	Hip_Y	Knee_Z	Knee_X	Knee_Y	Ankle_Z	Ankle_X	Ankle_Y
0	-16.908188	6.933631	-19.339348	4.729516	1.224998	45.184615	1.061657	-0.771459	-18.18579
1	-17.151466	6.571459	-19.600902	6.625657	2.089626	45.000347	1.654664	0.685178	-17.67298
2	-17.529591	6.136895	-19.842048	8.839751	3.128526	44.560743	1.741642	1.936674	-17.028347
3	-18.04324	5.612807	-20.016217	11.322744	4.31829	43.822213	1.220535	2.871333	-16.224298
4	-18.647413	5.005764	-20.092028	13.942781	5.598378	42.849293	0.191324	3.468828	-15.317003
5	-19.280618	4.332043	-20.049661	16.561691	6.913265	41.746236	-1.202861	3.752611	-14.410216
6	-19.863741	3.612715	-19.868201	19.033602	8.205775	40.620476	-2.84773	3.750324	-13.621091
7	-20.334723	2.887084	-19.580281	21.279638	9.424219	39.561807	-4.592618	3.58076	-12.992012
8	-20.608387	2.197196	-19.203981	23.178038	10.489976	38.655114	-6.356376	3.306502	-12.560836
9	-20.681463	1.570566	-18.798937	24.745286	11.377357	37.917545	-8.075987	3.010948	-12.266737
10	-20.53407	1.028973	-18.416715	25.957363	12.043601	37.373466	-9.708027	2.741475	-12.062747
11	-20.176353	0.56721	-18.095311	26.830414	12.479123	37.004335	-11.227367	2.522694	-11.889326
12	-19.644168	0.154447	-17.836933	27.418438	12.715546	36.750592	-12.631391	2.354431	-11.699999
13	-18.927041	-0.237881	-17.628522	27.699015	12.748632	36.567559	-13.888324	2.238529	-11.471697
14	-18.072376	-0.636771	-17.42604	27.74715	12.646246	36.398649	-15.01449	2.156762	-11.22191
15	-17.072348	-1.050698	-17.192088	27.547795	12.42299	36.222571	-15.978045	2.10234	-10.981267
16	-15.951204	-1.471024	-16.908757	27.139998	12.116683	36.039151	-16.779116	2.058219	-10.78412
17	-14.71669	-1.881449	-16.576622	26.535371	11.746157	35.865697	-17.394012	2.00417	-10.659245
18	-13.36603	-2.260427	-16.214718	25.734628	11.318719	35.728936	-17.781435	1.912528	-10.625881
19	-11.920881	-2.596327	-15.856693	24.784698	10.845111	35.634531	-17.953725	1.765258	-10.666191
20	-10.378122	-2.866784	-15.538759	23.691783	10.318863	35.585833	-17.858047	1.529168	-10.78224
21	-8.772684	-3.077299	-15.266492	22.516192	9.75482	35.56194	-17.546875	1.210172	-10.958636
22	-7.11373	-3.219633	-15.030612	21.287068	9.15446	35.542914	-17.010789	0.79837	-11.209164
23	-5.416797	-3.297713	-14.798122	20.038598	8.526676	35.506961	-16.271168	0.302946	-11.544759
24	-3.697623	-3.318191	-14.534287	18.792123	7.884634	35.445356	-15.347538	-0.262662	-11.977022
25	-1.968177	-3.279284	-14.200418	17.558018	7.241526	35.35526	-14.222069	-0.896811	-12.52717
26	-0.240674	-3.199093	-13.784503	16.33727	6.611477	35.242947	-12.930902	-1.578802	-13.167709
27	1.474198	-3.086939	-13.256572	15.134468	6.016066	35.106658	-11.450777	-2.302836	-13.884998
28	3.168586	-2.964183	-12.625239	13.952932	5.468225	34.950664	-9.815076	-3.049895	-14.637169
29	4.828509	-2.84632	-11.885926	12.807281	4.986149	34.774786	-8.032356	-3.808981	-15.397939
30	6.437026	-2.745489	-11.043361	11.720361	4.585144	34.583452	-6.119759	-4.571552	-16.148246
31	7.985775	-2.668143	-10.12398	10.710921	4.266866	34.388272	-4.114092	-5.33129	-16.879373
32	9.447777	-2.628432	-9.143184	9.832473	4.059888	34.202987	-2.03356	-6.082514	-17.577215
33	10.82745	-2.626333	-8.144299	9.095552	3.95265	34.035825	0.073639	-6.824707	-18.234732
34	12.098552	-2.673704	-7.166207	8.558689	3.968962	33.899063	2.172117	-7.559365	-18.826929
35	13.254145	-2.772687	-6.249327	8.238492	4.109566	33.798555	4.226714	-8.295672	-19.339407
36	14.281144	-2.927292	-5.43358	8.154184	4.382372	33.740016	6.205332	-9.046073	-19.754876
37	15.152075	-3.144112	-4.764407	8.343871	4.809751	33.727353	8.067659	-9.822025	-20.046913
38	15.877007	-3.409639	-4.238188	8.781125	5.378672	33.743514	9.801665	-10.619493	-20.222306
39	16.415863	-3.714398	-3.875328	9.532939	6.126701	33.759813	11.344992	-11.4257	-20.254539
40	16.793174	-4.025723	-3.621162	10.564142	7.030344	33.736204	12.698378	-12.212347	-20.17752
41	16.995067	-4.310145	-3.43921	11.910572	8.104204	33.629432	13.817019	-12.940861	-20.014244
42	17.027876	-4.535788	-3.276916	13.571518	9.342051	33.408958	14.676414	-13.578272	-19.810549
43	16.907937	-4.683718	-3.088957	15.51934	10.72468	33.062279	15.269712	-14.107878	-19.609431
44	16.616391	-4.726005	-2.832003	17.781652	12.261962	32.555392	15.534959	-14.496039	-19.444966
45	16.185277	-4.675133	-2.493924	20.285694	13.914199	31.904672	15.522214	-14.759426	-19.323938
46	15.59412	-4.517067	-2.039963	23.043414	15.67643	31.068427	15.19925	-14.876733	-19.249749
47	14.861926	-4.268441	-1.464697	26.000111	17.506735	30.043694	14.63029	-14.86894	-19.200918
48	13.987331	-3.934848	-0.750666	29.130635	19.367969	28.802873	13.861362	-14.74571	-19.148564
49	12.966883	-3.521923	0.113941	32.410077	21.215666	27.322425	12.951804	-14.522581	-19.055662
50	11.821446	-3.047677	1.101865	35.792455	23.010194	25.634409	11.9786	-14.234194	-18.898832
51	10.524746	-2.5077	2.209339	39.269807	24.688688	23.71715	10.989577	-13.892562	-18.647702
52	9.107407	-1.920879	3.379258	42.80265	26.236122	21.644668	10.021347	-13.519969	-18.329968
53	7.560092	-1.289728	4.578522	46.378152	27.601506	19.43284	9.087238	-13.107231	-17.970539
54	5.903342	-0.633451	5.762303	49.972338	28.772056	17.128886	8.174472	-12.635356	-17.616577
55	4.160227	0.018688	6.882585	53.556737	29.747001	14.78472	7.2604	-12.075983	-17.315008
56	2.347587	0.62186	7.859422	57.088099	30.516672	12.473221	6.32166	-11.39288	-17.115852
57	0.499778	1.142081	8.631289	60.530282	31.137006	10.279635	5.351843	-10.603958	-17.024335
58	-1.367865	1.528013	9.047765	63.810735	31.618208	8.3498	4.350554	-9.724376	-17.056364
59	-3.247415	1.793186	9.087313	66.912049	32.007677	6.732219	3.338834	-8.817807	-17.171156
60	-5.148071	1.95362	8.693484	69.786732	32.31436	5.505369	2.34144	-7.946114	-17.337314
61	-7.077411	2.055471	7.869572	72.395973	32.541538	4.70932	1.386315	-7.170749	-17.515219
62	-9.028274	2.157654	6.691113	74.726399	32.694219	4.321117	0.492014	-6.522967	-17.670535
63	-10.984095	2.322197	5.191538	76.685382	32.753511	4.391473	-0.312538	-6.041324	-17.766449
64	-12.924775	2.571208	3.55154	78.31183	32.730662	4.77742	-1.037625	-5.684702	-17.793543
65	-14.833485	2.919765	1.911996	79.541944	32.613052	5.419851	-1.676788	-5.436302	-17.730893
66	-16.702917	3.338634	0.385296	80.408584	32.41724	6.21529	-2.250095	-5.247205	-17.589062
67	-18.521704	3.79829	-0.974977	80.910872	32.155638	7.125381	-2.772635	-5.085064	-17.380304
68	-20.273739	4.267373	-2.147304	81.02994	31.837476	8.144246	-3.257108	-4.930242	-17.12044
69	-21.956663	4.717112	-3.16838	80.825097	31.478698	9.253179	-3.720163	-4.773784	-16.835803
70	-23.539775	5.112668	-4.025386	80.238953	31.073912	10.457902	-4.163952	-4.615544	-16.541647
71	-25.026309	5.440973	-4.759515	79.347831	30.627872	11.721602	-4.589562	-4.460125	-16.250185
72	-26.38865	5.676739	-5.373836	78.128429	30.126986	13.028338	-4.985866	-4.314045	-15.963906
73	-27.612391	5.812803	-5.894964	76.603144	29.563898	14.355925	-5.34511	-4.184418	-15.67779
74	-28.690947	5.849841	-6.350668	74.801047	28.938194	15.681231	-5.664437	-4.07957	-15.387643
75	-29.600581	5.776541	-6.75898	72.700952	28.24931	16.983172	-5.934319	-4.015195	-15.10026
76	-30.368061	5.622616	-7.156781	70.357998	27.52359	18.267118	-6.156532	-3.994934	-14.833615
77	-30.959944	5.40625	-7.592068	67.725716	26.778767	19.568815	-6.311097	-4.036056	-14.623698
78	-31.384336	5.173713	-8.108356	64.829735	26.033582	20.940488	-6.395112	-4.137377	-14.493383
79	-31.618311	4.965145	-8.749447	61.644309	25.288228	22.444496	-6.393502	-4.304531	-14.467478
80	-31.642796	4.816072	-9.542516	58.150564	24.518996	24.133517	-6.294464	-4.534402	-14.552657
81	-31.470363	4.741503	-10.476927	54.378674	23.689127	26.013136	-6.105954	-4.809047	-14.727019
82	-31.056643	4.76914	-11.569133	50.287431	22.721517	28.118534	-5.81359	-5.113563	-14.981988
83	-30.44952	4.882321	-12.77099	45.966159	21.58433	30.377548	-5.439309	-5.411924	-15.274457
84	-29.637492	5.086869	-14.066394	41.4428	20.202424	32.74417	-4.97891	-5.664854	-15.580843
85	-28.662242	5.362354	-15.405838	36.811623	18.572158	35.12176	-4.458597	-5.855438	-15.885525
86	-27.560222	5.685513	-16.732309	32.169498	16.710387	37.407185	-3.910524	-5.98708	-16.189041
87	-26.363569	6.02713	-17.970678	27.629009	14.649156	39.478987	-3.377174	-6.0767	-16.498382
88	-25.126439	6.352199	-19.067088	23.272438	12.488173	41.285302	-2.902178	-6.162894	-16.817489
89	-23.890403	6.620386	-19.920981	19.24527	10.314771	42.706623	-2.551871	-6.290904	-17.148214
90	-22.691728	6.815484	-20.528264	15.569816	8.22216	43.783369	-2.340367	-6.481192	-17.487288
91	-21.558242	6.912891	-20.854268	12.329513	6.299287	44.509539	-2.288346	-6.736151	-17.83671
92	-20.499289	6.903528	-20.925328	9.546557	4.599968	44.948898	-2.367721	-7.013355	-18.194579
93	-19.510262	6.792409	-20.807689	7.198112	3.135236	45.193664	-2.513969	-7.24244	-18.549541
94	-18.597783	6.570716	-20.550675	5.349644	1.950266	45.305169	-2.642988	-7.314222	-18.875901
95	-17.746432	6.268981	-20.251316	3.911014	0.998977	45.378584	-2.667543	-7.169559	-19.152664
96	-16.972432	5.891502	-19.985036	2.945135	0.325066	45.47147	-2.471463	-6.689805	-19.345302
97	-16.285939	5.461852	-19.806445	2.403934	-0.089985	45.607473	-2.013101	-5.86152	-19.448899
98	-15.72055	4.993805	-19.750873	2.309719	-0.225	45.776288	-1.266672	-4.668076	-19.464948
99	-15.319903	4.502375	-19.8339	2.699846	-0.056131	45.940172	-0.272893	-3.146513	-19.406253
100	-15.095277	4.004319	-20.032457	3.526813	0.381322	46.051807	0.812899	-1.443945	-19.288171
