Time	Hip_Z	Hip_X	Hip_Y	Knee_Z	Knee_X	Knee_Y	Ankle_Z	Ankle_X	Ankle_Y
0	-28.311539	6.691784	-2.741516	4.821107	0.888001	30.675157	-9.136008	-6.572215	-18.391945
1	-28.589962	6.760298	-2.982237	6.624336	1.486398	30.096107	-7.899581	-4.538596	-17.245626
2	-28.972705	6.776322	-3.313249	8.695867	2.117365	29.434563	-6.416544	-2.104208	-15.91221
3	-29.51005	6.689144	-3.740988	11.06582	2.759232	28.633994	-4.843009	0.645566	-14.402842
4	-30.193092	6.492524	-4.243857	13.653653	3.414839	27.734948	-3.412661	3.425839	-12.82303
5	-31.072997	6.134547	-4.842337	16.499023	4.135743	26.771797	-2.424592	5.933084	-11.262826
6	-32.101804	5.63717	-5.506816	19.540575	4.957556	25.803166	-1.956174	8.013699	-9.802113
7	-33.27079	4.968712	-6.203781	22.794685	5.929963	24.837432	-2.23336	9.436025	-8.537584
8	-34.490485	4.176184	-6.855636	26.157866	6.993034	23.843199	-3.086531	10.340973	-7.459105
9	-35.666547	3.256565	-7.338543	29.519577	8.0839	22.761792	-4.513348	10.716229	-6.633703
10	-36.709135	2.271681	-7.61116	32.741474	9.12901	21.597626	-6.238841	10.788004	-6.024885
11	-37.466121	1.281255	-7.584663	35.616754	10.064211	20.384518	-8.139661	10.617751	-5.689146
12	-37.922963	0.360172	-7.333007	38.107097	10.891198	19.214166	-10.052585	10.332799	-5.553046
13	-37.969618	-0.400643	-6.849741	40.051292	11.561631	18.194102	-11.876476	9.9646	-5.60962
14	-37.701264	-1.00702	-6.224908	41.558139	12.077925	17.335018	-13.583733	9.566397	-5.756296
15	-37.097905	-1.431417	-5.478818	42.571085	12.361952	16.681281	-15.132339	9.167014	-5.939196
16	-36.285825	-1.736517	-4.681398	43.24629	12.445202	16.181255	-16.557712	8.793609	-6.115551
17	-35.282671	-1.929888	-3.870824	43.567228	12.288442	15.852432	-17.832857	8.488972	-6.2742
18	-34.166637	-2.057838	-3.081982	43.646865	11.960994	15.638826	-18.987979	8.262182	-6.421905
19	-32.932992	-2.12775	-2.343358	43.459643	11.460564	15.531075	-19.999054	8.134998	-6.566451
20	-31.609199	-2.168393	-1.650101	43.072614	10.865028	15.4736	-20.902456	8.067078	-6.719274
21	-30.162183	-2.18704	-1.008178	42.42645	10.209154	15.443898	-21.672154	8.02221	-6.889933
22	-28.60582	-2.192671	-0.39989	41.552234	9.542753	15.416424	-22.326485	7.947308	-7.071466
23	-26.906333	-2.178589	0.17681	40.368362	8.890459	15.375236	-22.812296	7.781633	-7.253075
24	-25.094022	-2.14302	0.737939	38.927817	8.262215	15.318161	-23.128999	7.520381	-7.428534
25	-23.156563	-2.072662	1.292494	37.177034	7.679355	15.25518	-23.169696	7.143713	-7.613302
26	-21.14221	-1.968932	1.85068	35.205321	7.144597	15.209307	-22.934295	6.688079	-7.833867
27	-19.070136	-1.818571	2.418607	33.021315	6.676276	15.217297	-22.305948	6.146413	-8.135907
28	-16.98324	-1.627042	2.991771	30.737794	6.256609	15.292924	-21.352051	5.548993	-8.517665
29	-14.909269	-1.378425	3.562197	28.425949	5.883277	15.476294	-20.010584	4.91077	-8.995695
30	-12.861645	-1.080185	4.125782	26.160808	5.532561	15.753423	-18.386473	4.268791	-9.541296
31	-10.853832	-0.716878	4.68366	24.01943	5.194823	16.148387	-16.449685	3.658176	-10.166439
32	-8.877404	-0.300731	5.242493	22.011551	4.862393	16.637265	-14.294869	3.095055	-10.85912
33	-6.932575	0.17829	5.807399	20.190165	4.541212	17.239086	-11.907248	2.597873	-11.640513
34	-5.00312	0.699862	6.377881	18.520235	4.23824	17.925688	-9.364297	2.141409	-12.495067
35	-3.084354	1.254758	6.952135	17.032885	3.975421	18.704757	-6.665182	1.703443	-13.440642
36	-1.178207	1.813168	7.52496	15.687524	3.762104	19.533736	-3.875899	1.248836	-14.446399
37	0.687851	2.341219	8.090397	14.523571	3.635372	20.366721	-1.033207	0.732098	-15.47593
38	2.492244	2.818441	8.648679	13.51566	3.597669	21.139928	1.793535	0.13771	-16.456677
39	4.174127	3.207093	9.19995	12.727573	3.692665	21.75381	4.518437	-0.568988	-17.274383
40	5.72021	3.51256	9.745133	12.14211	3.90716	22.182599	7.097366	-1.359633	-17.888929
41	7.051771	3.707978	10.276268	11.851636	4.278667	22.330826	9.426348	-2.222079	-18.187924
42	8.180694	3.815196	10.786632	11.835775	4.772368	22.229482	11.514101	-3.101439	-18.20673
43	9.028239	3.818963	11.258404	12.215832	5.401898	21.804188	13.270522	-3.936502	-17.875954
44	9.635583	3.7504	11.694535	12.952593	6.12187	21.125308	14.750671	-4.681684	-17.294163
45	9.931534	3.607352	12.087899	14.173037	6.934479	20.164305	15.881581	-5.25792	-16.474389
46	9.977138	3.416668	12.449634	15.793438	7.811444	19.031104	16.733022	-5.669038	-15.551884
47	9.727361	3.179595	12.771775	17.894661	8.768354	17.782083	17.232538	-5.867538	-14.632586
48	9.266468	2.915407	13.062122	20.341698	9.795813	16.522348	17.443755	-5.914408	-13.812645
49	8.575039	2.629173	13.318159	23.153936	10.923128	15.315343	17.285604	-5.817776	-13.192918
50	7.721883	2.334686	13.553937	26.203044	12.13375	14.16114	16.832738	-5.647838	-12.751017
51	6.687061	2.044362	13.773602	29.48242	13.432755	13.035593	16.035006	-5.433266	-12.500158
52	5.515392	1.772176	13.986721	32.896463	14.773701	11.887309	14.999688	-5.212424	-12.355941
53	4.168416	1.541958	14.194868	36.422124	16.116875	10.660804	13.736487	-5.001785	-12.286236
54	2.671831	1.358175	14.399069	39.993358	17.420497	9.352389	12.351637	-4.797765	-12.243761
55	0.981481	1.244998	14.598804	43.566591	18.62924	7.954584	10.88334	-4.582729	-12.216672
56	-0.860194	1.196286	14.79541	47.102866	19.730515	6.513605	9.391017	-4.335988	-12.191002
57	-2.872656	1.230301	14.979408	50.560167	20.666767	5.06731	7.902053	-4.015765	-12.148087
58	-4.99846	1.322823	15.13201	53.934885	21.458724	3.664585	6.429058	-3.613589	-12.075469
59	-7.225547	1.46257	15.197398	57.183503	22.081939	2.385561	4.978671	-3.097457	-11.955422
60	-9.494954	1.608326	15.146657	60.311837	22.598366	1.258203	3.545022	-2.500454	-11.796964
61	-11.767891	1.717118	14.900762	63.264249	23.029463	0.366645	2.133035	-1.84621	-11.596358
62	-14.009085	1.773482	14.477399	66.052767	23.426848	-0.317785	0.743532	-1.1962	-11.370569
63	-16.179842	1.773763	13.846092	68.600545	23.806804	-0.745546	-0.606304	-0.612223	-11.132943
64	-18.278571	1.76227	13.090641	70.922053	24.178238	-0.984827	-1.913118	-0.111589	-10.908732
65	-20.283393	1.78804	12.26358	72.914502	24.534249	-1.023973	-3.15062	0.280639	-10.736276
66	-22.224881	1.871841	11.449986	74.608737	24.875195	-0.933946	-4.321528	0.600973	-10.633415
67	-24.113333	2.032405	10.723221	75.893913	25.203423	-0.712925	-5.401348	0.859165	-10.648916
68	-25.976972	2.240692	10.099229	76.829339	25.530953	-0.400777	-6.406954	1.084739	-10.777201
69	-27.815492	2.481062	9.612443	77.309447	25.868307	0.025378	-7.321915	1.274662	-11.051825
70	-29.624051	2.72403	9.224063	77.417047	26.217421	0.552988	-8.166144	1.428997	-11.433605
71	-31.370443	2.943124	8.929327	77.056344	26.575566	1.228173	-8.924518	1.519471	-11.919075
72	-33.043409	3.124784	8.682321	76.323044	26.928208	2.039346	-9.617365	1.539607	-12.452543
73	-34.588663	3.245617	8.46214	75.130331	27.246174	3.039837	-10.23043	1.451176	-12.989951
74	-36.001272	3.313369	8.241039	73.576991	27.507547	4.202578	-10.77864	1.270998	-13.485254
75	-37.21453	3.319232	7.994602	71.583938	27.660939	5.577232	-11.241878	0.991196	-13.886285
76	-38.25051	3.286805	7.709293	69.251892	27.700182	7.127641	-11.633313	0.654163	-14.193106
77	-39.060435	3.227638	7.357399	66.521058	27.557954	8.89875	-11.931841	0.277155	-14.368836
78	-39.69228	3.167295	6.945144	63.496873	27.232207	10.837718	-12.153749	-0.107962	-14.426548
79	-40.098451	3.13397	6.457925	60.140585	26.629714	12.965358	-12.268865	-0.471664	-14.327217
80	-40.314508	3.146659	5.911249	56.542388	25.780468	15.229128	-12.287127	-0.79509	-14.114532
81	-40.280913	3.248323	5.279953	52.664913	24.615073	17.652736	-12.184749	-1.059124	-13.804339
82	-40.044716	3.441022	4.566281	48.582219	23.204381	20.192833	-11.997158	-1.281305	-13.466811
83	-39.565153	3.753244	3.738342	44.274914	21.510311	22.842259	-11.722463	-1.46195	-13.182294
84	-38.906082	4.147343	2.825575	39.823679	19.615781	25.527374	-11.396604	-1.62462	-13.01443
85	-38.049322	4.603382	1.837559	35.252909	17.51573	28.159661	-11.036839	-1.800301	-13.066369
86	-37.063282	5.067737	0.826789	30.645412	15.297045	30.656431	-10.675454	-2.023789	-13.338984
87	-35.959057	5.489698	-0.148133	26.079868	12.997195	32.86102	-10.343875	-2.36011	-13.920109
88	-34.796399	5.843413	-1.033826	21.626332	10.690572	34.740575	-10.059201	-2.825165	-14.748133
89	-33.607898	6.088514	-1.73179	17.416329	8.455242	36.12113	-9.845704	-3.47793	-15.832443
90	-32.438618	6.243499	-2.228423	13.481211	6.343673	37.052307	-9.68809	-4.28309	-17.0408
91	-31.344419	6.304867	-2.441077	9.97804	4.462659	37.410496	-9.599139	-5.248326	-18.263359
92	-30.346963	6.321017	-2.432583	6.879552	2.814537	37.339921	-9.568142	-6.288311	-19.374981
93	-29.505217	6.327769	-2.202661	4.344404	1.49891	36.814507	-9.619055	-7.321079	-20.213761
94	-28.809444	6.362232	-1.865428	2.294529	0.469227	36.018035	-9.742013	-8.260882	-20.768082
95	-28.311493	6.46179	-1.49787	0.880127	-0.198267	35.027678	-9.941644	-8.98474	-20.958498
96	-27.972881	6.627042	-1.185509	-0.01115	-0.586113	34.001092	-10.16633	-9.469061	-20.889625
97	-27.82178	6.876045	-1.014595	-0.246165	-0.656199	33.057158	-10.340256	-9.596562	-20.559005
98	-27.80624	7.179992	-0.985329	0.030009	-0.507809	32.248305	-10.389625	-9.407057	-20.060389
99	-27.940958	7.520709	-1.127869	0.903465	-0.138669	31.623911	-10.160593	-8.77773	-19.36666
100	-28.182834	7.858351	-1.384666	2.2052	0.361951	31.112255	-9.611033	-7.746775	-18.503054
