Time	Hip_Z	Hip_X	Hip_Y	Knee_Z	Knee_X	Knee_Y	Ankle_Z	Ankle_X	Ankle_Y
0	-19.175783	3.790875	-8.609579	15.265719	4.362765	26.157865	-7.001944	-0.918832	-12.444736
1	-18.944982	3.398085	-8.90744	16.454833	4.542274	25.795351	-5.970142	0.613013	-11.76343
2	-18.924855	2.927916	-9.261002	17.938956	4.816644	25.337339	-5.110938	2.116645	-10.879096
3	-19.140752	2.394911	-9.675874	19.755883	5.164321	24.776008	-4.58297	3.474749	-9.803809
4	-19.608115	1.820845	-10.158762	21.951092	5.555349	24.121271	-4.553899	4.56664	-8.554955
5	-20.267628	1.230965	-10.690524	24.463163	5.954096	23.411366	-5.020512	5.363854	-7.195075
6	-21.078314	0.63213	-11.23218	27.256477	6.333098	22.663548	-6.019718	5.809762	-5.779231
7	-21.942332	0.01498	-11.702925	30.188913	6.674771	21.885329	-7.43589	5.94499	-4.399622
8	-22.762115	-0.642197	-12.01915	33.104063	6.977797	21.063607	-9.115546	5.850514	-3.139194
9	-23.414722	-1.380501	-12.049148	35.816766	7.238905	20.145924	-10.945127	5.57901	-2.103959
10	-23.841285	-2.202108	-11.778424	38.227714	7.465345	19.107904	-12.778405	5.242948	-1.295699
11	-23.986427	-3.093194	-11.195082	40.253565	7.64839	17.935145	-14.531074	4.911934	-0.710367
12	-23.790846	-4.00702	-10.313094	41.804079	7.763196	16.646436	-16.140464	4.642197	-0.332343
13	-23.317668	-4.873887	-9.268842	42.953379	7.805436	15.332713	-17.616061	4.446836	-0.083786
14	-22.579233	-5.624842	-8.162633	43.696053	7.762835	14.086529	-18.952037	4.337594	0.066564
15	-21.628877	-6.21809	-7.101671	44.085471	7.640842	12.99172	-20.164296	4.307845	0.155238
16	-20.538164	-6.65828	-6.153431	44.212416	7.459332	12.082104	-21.281551	4.335955	0.215406
17	-19.340855	-6.93118	-5.392967	44.099648	7.222321	11.41082	-22.302921	4.408195	0.27616
18	-18.089205	-7.074677	-4.825936	43.820857	6.943618	10.94652	-23.239024	4.499483	0.364287
19	-16.808239	-7.113836	-4.448754	43.407833	6.634702	10.666184	-24.080723	4.593777	0.485833
20	-15.503182	-7.056826	-4.280497	42.848908	6.310954	10.57972	-24.790488	4.674095	0.6303
21	-14.175602	-6.939584	-4.272087	42.165866	5.994428	10.639112	-25.372497	4.727833	0.77094
22	-12.817405	-6.775573	-4.422531	41.342709	5.705713	10.842726	-25.797569	4.737425	0.882986
23	-11.420163	-6.580808	-4.722576	40.36778	5.463259	11.184629	-26.033031	4.685465	0.94218
24	-9.983512	-6.372954	-5.13609	39.257674	5.272419	11.641316	-26.078586	4.568001	0.93506
25	-8.498443	-6.164181	-5.650636	37.997316	5.147739	12.222618	-25.888435	4.365507	0.830995
26	-6.967266	-5.96623	-6.226376	36.606853	5.081841	12.907017	-25.470558	4.07806	0.627757
27	-5.3939	-5.786415	-6.826454	35.109342	5.059646	13.667895	-24.841525	3.710808	0.334626
28	-3.769912	-5.633375	-7.406038	33.508207	5.067316	14.483361	-23.967652	3.25371	-0.053767
29	-2.101344	-5.502853	-7.923124	31.844462	5.080645	15.308032	-22.899658	2.733006	-0.507525
30	-0.382103	-5.394619	-8.331928	30.138729	5.086605	16.108166	-21.63636	2.16132	-1.017793
31	1.392976	-5.308435	-8.580344	28.417273	5.07613	16.845693	-20.170086	1.554632	-1.577006
32	3.208025	-5.237809	-8.664641	26.712215	5.049915	17.504833	-18.539507	0.936061	-2.169833
33	5.046948	-5.176757	-8.551745	25.065126	5.00749	18.05722	-16.741285	0.326455	-2.794042
34	6.878777	-5.113586	-8.246253	23.520458	4.951129	18.490761	-14.799459	-0.251362	-3.443549
35	8.669419	-5.037568	-7.774207	22.115489	4.885352	18.804275	-12.746446	-0.781463	-4.109232
36	10.358963	-4.93597	-7.128854	20.939112	4.820125	18.967154	-10.59189	-1.239025	-4.782407
37	11.912658	-4.808785	-6.359971	20.01826	4.774499	18.998932	-8.378983	-1.629092	-5.453206
38	13.286829	-4.659777	-5.49584	19.407391	4.774807	18.904074	-6.137348	-1.956241	-6.116515
39	14.409727	-4.500296	-4.564102	19.211788	4.866522	18.676764	-3.899859	-2.227258	-6.766376
40	15.287393	-4.351671	-3.614562	19.414398	5.070422	18.352016	-1.693055	-2.469271	-7.399112
41	15.875632	-4.240497	-2.688971	20.087195	5.430739	17.940249	0.462193	-2.702156	-8.00568
42	16.165136	-4.194094	-1.832555	21.251876	5.976845	17.459978	2.562007	-2.950593	-8.573125
43	16.196648	-4.225035	-1.075281	22.850588	6.700077	16.929742	4.625953	-3.233777	-9.087587
44	15.953099	-4.357736	-0.468988	24.923476	7.617957	16.3425	6.682371	-3.579463	-9.513796
45	15.487492	-4.580301	-0.01813	27.385967	8.681502	15.693561	8.768911	-3.99878	-9.837744
46	14.833613	-4.87428	0.282104	30.178282	9.844505	14.972812	10.914601	-4.501846	-10.052928
47	13.98721	-5.217927	0.421727	33.297006	11.065203	14.1536	13.154467	-5.117193	-10.145684
48	13.003692	-5.564813	0.454863	36.632919	12.28222	13.245546	15.467797	-5.830217	-10.157409
49	11.892551	-5.874088	0.406021	40.151168	13.446221	12.244237	17.812173	-6.64311	-10.116186
50	10.664857	-6.099785	0.303463	43.810716	14.504858	11.160765	20.079442	-7.543343	-10.067464
51	9.346783	-6.218345	0.176425	47.558743	15.434113	10.027626	22.137841	-8.489479	-10.056384
52	7.932752	-6.182905	0.042144	51.381301	16.178661	8.863728	23.767698	-9.429954	-10.128521
53	6.429437	-5.977167	-0.080484	55.253952	16.720563	7.697156	24.827467	-10.287592	-10.308192
54	4.842895	-5.596696	-0.175813	59.14888	17.062786	6.557022	25.263797	-10.986095	-10.604216
55	3.15878	-4.997128	-0.219793	63.023294	17.170578	5.490106	24.927858	-11.396977	-11.032482
56	1.398025	-4.220048	-0.212642	66.831463	17.098592	4.51796	23.993032	-11.520508	-11.531376
57	-0.431599	-3.282408	-0.15812	70.51978	16.868439	3.674083	22.53353	-11.347133	-12.030726
58	-2.316629	-2.215333	-0.079374	74.015448	16.511722	3.008212	20.637723	-10.890553	-12.434726
59	-4.227576	-1.090281	-0.020736	77.298946	16.096521	2.525503	18.489157	-10.253312	-12.692926
60	-6.144604	0.036554	-0.038074	80.309403	15.670203	2.27057	16.171187	-9.496197	-12.752228
61	-8.051774	1.108447	-0.176898	83.030549	15.275687	2.250118	13.774446	-8.697986	-12.609237
62	-9.946688	2.094669	-0.447181	85.483832	14.930301	2.437165	11.366307	-7.91185	-12.297659
63	-11.837461	2.960228	-0.862896	87.627403	14.646123	2.842431	9.012585	-7.166067	-11.830475
64	-13.738988	3.721226	-1.372655	89.505741	14.407748	3.404117	6.765664	-6.45264	-11.274004
65	-15.659793	4.393777	-1.928579	91.121403	14.202979	4.082368	4.673938	-5.755516	-10.667489
66	-17.601059	4.99597	-2.471898	92.426847	14.020778	4.849152	2.804902	-5.058353	-10.037481
67	-19.549524	5.567854	-2.955663	93.458714	13.847023	5.661489	1.141481	-4.355598	-9.407611
68	-21.488537	6.130098	-3.339213	94.178842	13.67952	6.503084	-0.30124	-3.654766	-8.795822
69	-23.39587	6.694291	-3.596897	94.567243	13.524215	7.356227	-1.538904	-2.975022	-8.223804
70	-25.256242	7.256464	-3.73456	94.652608	13.391857	8.203405	-2.621819	-2.337027	-7.707287
71	-27.044079	7.796717	-3.742032	94.383673	13.307962	9.026316	-3.562572	-1.777638	-7.277496
72	-28.751249	8.29269	-3.652673	93.789074	13.292692	9.817313	-4.403893	-1.314643	-6.944161
73	-30.366963	8.725898	-3.501474	92.883857	13.363799	10.579281	-5.171586	-0.956932	-6.712827
74	-31.846939	9.063977	-3.324236	91.600896	13.560257	11.325011	-5.865886	-0.731567	-6.606763
75	-33.190005	9.312839	-3.163888	89.99611	13.87216	12.082789	-6.500271	-0.612997	-6.595943
76	-34.362987	9.460929	-3.049815	88.034956	14.311689	12.884443	-7.062227	-0.599011	-6.667028
77	-35.329496	9.500403	-3.005244	85.676453	14.882565	13.77474	-7.534805	-0.682673	-6.792808
78	-36.099755	9.447761	-3.027671	82.955437	15.553283	14.782935	-7.922168	-0.839446	-6.936653
79	-36.641394	9.294587	-3.119445	79.807286	16.301615	15.96854	-8.211351	-1.062582	-7.077684
80	-36.963068	9.04848	-3.266645	76.238553	17.067364	17.356911	-8.408975	-1.325723	-7.210732
81	-37.072691	8.72033	-3.459231	72.275358	17.77873	18.947798	-8.527975	-1.600063	-7.346087
82	-36.911589	8.304333	-3.701088	67.853343	18.311258	20.768829	-8.572042	-1.855767	-7.498217
83	-36.514326	7.826313	-3.978507	63.078365	18.5918	22.742333	-8.576276	-2.073349	-7.667908
84	-35.884263	7.299124	-4.283507	58.007855	18.539808	24.796884	-8.564169	-2.238551	-7.858495
85	-35.024739	6.737194	-4.604636	52.722518	18.077818	26.822262	-8.560332	-2.348532	-8.089625
86	-34.007601	6.164711	-4.924606	47.370993	17.278064	28.71349	-8.580662	-2.434866	-8.380545
87	-32.869547	5.600626	-5.224569	42.081784	16.164665	30.349309	-8.638136	-2.537483	-8.763262
88	-31.671812	5.062763	-5.484137	36.98904	14.830531	31.644606	-8.73656	-2.702118	-9.249934
89	-30.468566	4.563189	-5.690689	32.178801	13.383766	32.583018	-8.872871	-2.953868	-9.820128
90	-29.300515	4.126702	-5.820029	27.802665	11.899195	33.0824	-9.051986	-3.322694	-10.444447
91	-28.181905	3.761923	-5.8739	23.879178	10.445958	33.203724	-9.261774	-3.786068	-11.065289
92	-27.112835	3.480176	-5.855704	20.440936	9.066594	32.988426	-9.487297	-4.313798	-11.637596
93	-26.09154	3.305126	-5.770544	17.595259	7.816202	32.454778	-9.705801	-4.863727	-12.115031
94	-25.101928	3.221121	-5.654271	15.257261	6.705085	31.735447	-9.899197	-5.386226	-12.499036
95	-24.144979	3.228298	-5.536236	13.468118	5.76812	30.911279	-10.054866	-5.83512	-12.780066
96	-23.229501	3.312602	-5.447774	12.233366	5.023812	30.083029	-10.163365	-6.155634	-12.958729
97	-22.363502	3.443178	-5.404036	11.465912	4.449094	29.327057	-10.216635	-6.314243	-13.053014
98	-21.572783	3.594853	-5.422734	11.190496	4.056974	28.707349	-10.177509	-6.239608	-13.050799
99	-20.8705	3.734456	-5.502727	11.316979	3.817861	28.227524	-10.011728	-5.913612	-12.94671
100	-20.268096	3.836721	-5.638871	11.769747	3.706413	27.864223	-9.683831	-5.32404	-12.725107
