Time	Hip_Z	Hip_X	Hip_Y	Knee_Z	Knee_X	Knee_Y	Ankle_Z	Ankle_X	Ankle_Y
0	-18.435469	3.976041	-3.323927	14.543936	4.408664	27.110824	-10.055812	-5.777431	-13.45948
1	-17.681469	3.718251	-3.509823	15.43588	4.425023	26.478331	-9.345488	-4.206196	-12.794662
2	-17.061937	3.344359	-3.774244	16.505414	4.512758	25.841936	-8.479733	-2.364465	-11.94403
3	-16.632573	2.851573	-4.133001	17.76977	4.659256	25.193485	-7.56151	-0.361754	-10.898365
4	-16.440314	2.25087	-4.608048	19.262191	4.853383	24.529233	-6.761376	1.621723	-9.676317
5	-16.485931	1.5717	-5.209089	20.999572	5.088752	23.859391	-6.230649	3.424787	-8.325222
6	-16.816793	0.827761	-5.966925	23.075177	5.377965	23.205832	-6.189138	4.848902	-6.865306
7	-17.359352	0.053216	-6.825703	25.446363	5.712863	22.583219	-6.643741	5.85691	-5.367006
8	-18.052483	-0.736566	-7.706513	28.066778	6.083394	21.989465	-7.591809	6.413555	-3.904898
9	-18.803584	-1.541526	-8.477641	30.827319	6.465595	21.385246	-8.965478	6.533789	-2.571965
10	-19.504391	-2.370861	-9.030888	33.568082	6.828179	20.709559	-10.582725	6.36273	-1.412691
11	-20.033031	-3.240523	-9.222048	36.12008	7.133392	19.876502	-12.335701	5.979873	-0.491596
12	-20.31977	-4.140384	-9.03775	38.376244	7.357378	18.859423	-14.100321	5.517928	0.211623
13	-20.317151	-5.040274	-8.494714	40.265222	7.478071	17.664413	-15.804294	5.066898	0.721403
14	-19.967044	-5.884544	-7.61055	41.698304	7.465462	16.323766	-17.393539	4.69906	1.0443
15	-19.336068	-6.63297	-6.516334	42.744451	7.338208	14.932757	-18.868814	4.433446	1.232776
16	-18.428403	-7.233157	-5.278884	43.379835	7.092223	13.568859	-20.209852	4.293389	1.290657
17	-17.316305	-7.671962	-4.002953	43.671496	6.75528	12.30556	-21.425849	4.263512	1.247399
18	-16.075838	-7.959218	-2.787147	43.697578	6.362041	11.195469	-22.532245	4.311706	1.138569
19	-14.75496	-8.08174	-1.775506	43.471211	5.946449	10.34089	-23.509446	4.409753	0.994117
20	-13.413348	-8.090436	-1.039534	43.073181	5.549627	9.75452	-24.368328	4.514447	0.851612
21	-12.074054	-8.003055	-0.677391	42.504813	5.199624	9.49429	-25.080865	4.597306	0.732473
22	-10.74398	-7.850908	-0.697434	41.774248	4.90919	9.550462	-25.638041	4.635152	0.640548
23	-9.417133	-7.665239	-1.022681	40.900784	4.677476	9.857369	-26.050377	4.620134	0.55842
24	-8.080584	-7.464572	-1.639702	39.857204	4.521383	10.4136	-26.274137	4.536725	0.456151
25	-6.724364	-7.267987	-2.43951	38.673235	4.43111	11.138432	-26.321631	4.394319	0.31317
26	-5.337507	-7.086699	-3.370134	37.348069	4.406335	11.999681	-26.166042	4.186774	0.113737
27	-3.907006	-6.926535	-4.36657	35.884526	4.439053	12.958315	-25.784194	3.905965	-0.15313
28	-2.42754	-6.783824	-5.355724	34.310931	4.506064	13.960806	-25.201661	3.557924	-0.481191
29	-0.879363	-6.654019	-6.258223	32.624932	4.588947	14.963011	-24.387195	3.132224	-0.87886
30	0.736121	-6.524562	-7.018367	30.856293	4.665689	15.923436	-23.371939	2.644868	-1.339926
31	2.420077	-6.382944	-7.588017	29.023073	4.724796	16.82058	-22.161838	2.106868	-1.875856
32	4.174399	-6.214775	-7.914838	27.143729	4.760743	17.648637	-20.744391	1.52751	-2.515915
33	5.978499	-6.015321	-8.022902	25.253602	4.775212	18.427398	-19.158817	0.928396	-3.259201
34	7.819048	-5.774128	-7.883336	23.394565	4.760331	19.157911	-17.394085	0.329548	-4.122964
35	9.664406	-5.491761	-7.523369	21.616792	4.712455	19.838004	-15.47969	-0.244919	-5.084385
36	11.478964	-5.170994	-6.967642	19.973727	4.632267	20.449106	-13.446997	-0.776294	-6.110551
37	13.20406	-4.808994	-6.207367	18.567661	4.528955	20.945917	-11.31768	-1.243196	-7.172468
38	14.803966	-4.417144	-5.299967	17.431133	4.43321	21.316663	-9.150514	-1.653801	-8.230198
39	16.206491	-4.000445	-4.254128	16.676119	4.388467	21.506705	-6.991884	-2.007665	-9.240239
40	17.358629	-3.574529	-3.101764	16.374656	4.445266	21.478397	-4.892668	-2.319987	-10.153442
41	18.242818	-3.161648	-1.885688	16.541381	4.640581	21.22738	-2.885285	-2.613083	-10.935678
42	18.770489	-2.804923	-0.649534	17.321057	5.054818	20.701783	-1.016821	-2.910219	-11.513153
43	18.997449	-2.53397	0.545324	18.619695	5.677019	19.968474	0.735582	-3.23114	-11.895488
44	18.916333	-2.390714	1.63395	20.462792	6.52494	19.049531	2.383325	-3.59172	-12.058741
45	18.552008	-2.398649	2.557755	22.8264	7.574567	17.986216	3.962678	-3.999705	-12.005165
46	17.974532	-2.537183	3.304133	25.597658	8.752006	16.835436	5.523761	-4.449456	-11.783308
47	17.189684	-2.804942	3.821899	28.773376	10.006215	15.628569	7.104883	-4.944984	-11.410778
48	16.257307	-3.149816	4.140866	32.230057	11.263152	14.406743	8.715107	-5.474777	-10.960557
49	15.19776	-3.529123	4.272244	35.909819	12.465327	13.190618	10.327972	-6.031483	-10.48651
50	14.019898	-3.889909	4.228881	39.767651	13.550606	11.997129	11.860559	-6.6071	-10.04659
51	12.752665	-4.186072	4.068237	43.731972	14.494508	10.832425	13.212122	-7.190512	-9.680181
52	11.395047	-4.353669	3.823606	47.774304	15.240166	9.70337	14.200058	-7.769974	-9.433896
53	9.967123	-4.358394	3.558978	51.851887	15.783791	8.602848	14.726302	-8.326286	-9.316445
54	8.480957	-4.172119	3.331753	55.93214	16.126308	7.522379	14.728431	-8.833996	-9.331585
55	6.936197	-3.747145	3.208963	59.976131	16.249519	6.453807	14.120313	-9.250646	-9.492553
56	5.344697	-3.124434	3.20916	63.954262	16.20504	5.388268	13.054824	-9.562457	-9.754884
57	3.698016	-2.308534	3.352794	67.817478	15.995925	4.331808	11.59152	-9.729815	-10.088167
58	1.992564	-1.357194	3.599851	71.528833	15.658808	3.31256	9.882735	-9.74068	-10.43366
59	0.227978	-0.339984	3.875465	75.064428	15.237475	2.375172	8.067745	-9.607475	-10.737312
60	-1.608356	0.67564	4.069862	78.346365	14.764554	1.61545	6.252649	-9.324736	-10.937644
61	-3.497333	1.632059	4.10217	81.391399	14.289187	1.066398	4.512189	-8.948451	-11.030874
62	-5.433819	2.484098	3.881431	84.157024	13.843939	0.799596	2.895813	-8.501285	-11.002599
63	-7.409366	3.213972	3.363058	86.628912	13.451203	0.847842	1.418007	-8.016485	-10.852314
64	-9.412774	3.843468	2.579895	88.832928	13.11297	1.181345	0.05677	-7.524491	-10.596897
65	-11.437913	4.391856	1.527928	90.707716	12.838158	1.834686	-1.175006	-7.038465	-10.237535
66	-13.468749	4.918657	0.325656	92.290758	12.608926	2.716253	-2.299882	-6.554012	-9.818505
67	-15.492668	5.468248	-0.910416	93.556561	12.412434	3.753584	-3.319209	-6.060955	-9.363316
68	-17.498712	6.070118	-2.023426	94.47347	12.233625	4.839005	-4.238957	-5.54819	-8.894869
69	-19.481205	6.717533	-2.923177	95.079202	12.063604	5.883101	-5.084254	-5.01416	-8.436976
70	-21.425967	7.393371	-3.521606	95.315639	11.91211	6.830666	-5.853604	-4.460804	-8.017945
71	-23.328655	8.060211	-3.849097	95.217682	11.795035	7.678372	-6.560941	-3.903845	-7.65519
72	-25.182981	8.68096	-3.938688	94.78772	11.735619	8.434142	-7.210208	-3.364413	-7.363247
73	-26.97514	9.214134	-3.82491	93.988492	11.772539	9.114795	-7.797519	-2.876026	-7.159153
74	-28.705688	9.656323	-3.605601	92.879045	11.918845	9.768929	-8.333221	-2.457591	-7.029632
75	-30.351839	9.990266	-3.341437	91.417259	12.219347	10.441718	-8.806253	-2.142463	-6.978812
76	-31.899759	10.222833	-3.095746	89.617484	12.690162	11.17807	-9.211899	-1.941079	-6.991354
77	-33.333054	10.361696	-2.907489	87.488591	13.333124	12.013385	-9.544086	-1.852387	-7.046304
78	-34.59614	10.39034	-2.815103	84.950235	14.172741	13.009985	-9.778257	-1.886967	-7.121909
79	-35.685544	10.325781	-2.809627	82.050336	15.151481	14.171878	-9.929022	-2.003916	-7.194216
80	-36.546159	10.153858	-2.893751	78.723832	16.233273	15.541463	-9.99597	-2.181361	-7.257575
81	-37.143214	9.870599	-3.049904	74.951134	17.335	17.129311	-9.997492	-2.385065	-7.321286
82	-37.474961	9.485016	-3.249307	70.768382	18.356243	18.907577	-9.961955	-2.587386	-7.398675
83	-37.466181	8.980634	-3.465153	66.119042	19.130344	20.868555	-9.913776	-2.763923	-7.499712
84	-37.174043	8.387731	-3.663467	61.145757	19.578365	22.904591	-9.881155	-2.90503	-7.616424
85	-36.60147	7.720478	-3.817698	55.938839	19.597889	24.909181	-9.887979	-3.007715	-7.752895
86	-35.776961	7.008167	-3.912016	50.643018	19.146726	26.747813	-9.951016	-3.087109	-7.933304
87	-34.774709	6.291523	-3.955692	45.412173	18.316207	28.33727	-10.064466	-3.173152	-8.186776
88	-33.621986	5.617089	-3.953625	40.416613	17.135393	29.549539	-10.226246	-3.315602	-8.567829
89	-32.38869	5.018681	-3.925617	35.741958	15.753778	30.396354	-10.417759	-3.551374	-9.07173
90	-31.118731	4.526151	-3.884396	31.473871	14.272789	30.875529	-10.629859	-3.90824	-9.673076
91	-29.852275	4.170404	-3.840017	27.717032	12.785299	30.985828	-10.858424	-4.40318	-10.3219
92	-28.621092	3.938791	-3.799033	24.436048	11.363126	30.830073	-11.096912	-4.997242	-10.956602
93	-27.45929	3.844451	-3.766587	21.728155	10.076574	30.444252	-11.33618	-5.651377	-11.531945
94	-26.376061	3.86132	-3.745984	19.562107	8.952791	29.92371	-11.56009	-6.29205	-12.036695
95	-25.366094	3.961856	-3.742437	17.91409	8.001895	29.345281	-11.757524	-6.857617	-12.472528
96	-24.419943	4.122359	-3.770211	16.841595	7.252482	28.774874	-11.921773	-7.277832	-12.824439
97	-23.504053	4.297786	-3.834694	16.214623	6.661839	28.253753	-12.056462	-7.533815	-13.090043
98	-22.603012	4.449976	-3.947078	16.028075	6.229505	27.800768	-12.138747	-7.559371	-13.226048
99	-21.710167	4.540716	-4.107011	16.198958	5.928828	27.397358	-12.128932	-7.312161	-13.196695
100	-20.832582	4.545527	-4.308447	16.630152	5.728421	27.007721	-11.987398	-6.772372	-12.984222
