Time	Hip_Z	Hip_X	Hip_Y	Knee_Z	Knee_X	Knee_Y	Ankle_Z	Ankle_X	Ankle_Y
0	-19.963755	2.911846	-9.703178	10.588794	3.523059	24.807954	-9.479419	0.21784	-7.8442
1	-19.663736	2.561334	-9.905698	11.677328	3.662093	24.191726	-8.556568	1.843913	-7.028843
2	-19.46499	2.134704	-10.129709	13.052196	3.890767	23.552502	-7.684921	3.425577	-6.139963
3	-19.38923	1.633857	-10.388743	14.750711	4.21186	22.883373	-7.065606	4.810968	-5.159123
4	-19.437952	1.073516	-10.672614	16.762537	4.609124	22.176605	-6.846548	5.903827	-4.093524
5	-19.593397	0.463531	-10.937546	19.046391	5.062842	21.424574	-7.074981	6.679747	-2.98955
6	-19.831711	-0.210789	-11.086403	21.577611	5.563176	20.599555	-7.821184	7.087565	-1.926458
7	-20.082714	-0.948927	-11.044648	24.211227	6.087318	19.696627	-8.935557	7.220608	-0.982439
8	-20.272823	-1.756865	-10.703138	26.79333	6.626416	18.709386	-10.348464	7.09996	-0.270923
9	-20.338836	-2.601111	-10.072881	29.153117	7.167869	17.68652	-11.899497	6.819147	0.159504
10	-20.230294	-3.431404	-9.225624	31.147099	7.692841	16.707883	-13.457394	6.465347	0.29442
11	-19.893309	-4.177644	-8.269919	32.625688	8.165403	15.88677	-14.911259	6.118702	0.140747
12	-19.350908	-4.799172	-7.343285	33.62532	8.556691	15.273567	-16.219104	5.825242	-0.185898
13	-18.571416	-5.241524	-6.574046	34.080318	8.813621	14.937018	-17.337122	5.600023	-0.606574
14	-17.595382	-5.52817	-6.020375	34.109158	8.93776	14.835056	-18.300435	5.409515	-1.024289
15	-16.435007	-5.677667	-5.723238	33.765919	8.934899	14.94642	-19.119347	5.222719	-1.385836
16	-15.107651	-5.717053	-5.692153	33.096825	8.826878	15.245697	-19.784652	5.017108	-1.669714
17	-13.660839	-5.693223	-5.872	32.186935	8.660901	15.680946	-20.297527	4.785531	-1.895032
18	-12.099899	-5.631259	-6.271682	31.024535	8.471919	16.261096	-20.591087	4.514008	-2.082893
19	-10.462578	-5.561377	-6.82768	29.677196	8.297347	16.959138	-20.669578	4.199647	-2.274889
20	-8.758415	-5.495615	-7.522663	28.160176	8.156162	17.782622	-20.48481	3.829173	-2.507572
21	-7.009078	-5.431105	-8.312415	26.511944	8.042426	18.716936	-20.013394	3.39848	-2.810919
22	-5.244932	-5.352946	-9.135898	24.78481	7.929551	19.725532	-19.270959	2.918039	-3.199161
23	-3.496257	-5.236121	-9.931991	23.01842	7.778074	20.777469	-18.204007	2.389621	-3.705617
24	-1.781739	-5.07091	-10.652618	21.264828	7.563866	21.820167	-16.880512	1.830413	-4.310801
25	-0.109937	-4.834504	-11.232836	19.562663	7.252259	22.802759	-15.281557	1.246005	-5.018334
26	1.531508	-4.521792	-11.636506	17.931345	6.838073	23.688834	-13.435595	0.648058	-5.812697
27	3.147844	-4.140761	-11.846819	16.380441	6.33847	24.455809	-11.371806	0.045214	-6.67927
28	4.728496	-3.699471	-11.821028	14.934793	5.775176	25.056731	-9.088336	-0.556741	-7.604965
29	6.269857	-3.227936	-11.596838	13.590555	5.193554	25.491149	-6.651487	-1.14998	-8.547927
30	7.744361	-2.747786	-11.163285	12.386193	4.635566	25.705751	-4.081128	-1.718251	-9.46303
31	9.12832	-2.282534	-10.56821	11.340431	4.139266	25.701002	-1.442599	-2.249135	-10.302308
32	10.390639	-1.849448	-9.83962	10.496238	3.73723	25.462935	1.198931	-2.729497	-11.01251
33	11.4907	-1.466004	-9.00203	9.922262	3.462486	24.979389	3.766589	-3.144124	-11.534722
34	12.428251	-1.140191	-8.11296	9.621915	3.312392	24.32071	6.20659	-3.499201	-11.871876
35	13.1559	-0.908351	-7.226528	9.688317	3.32561	23.531368	8.426532	-3.790735	-11.983285
36	13.699744	-0.779748	-6.395087	10.098362	3.490473	22.710522	10.411945	-4.038201	-11.906902
37	14.054976	-0.777368	-5.663793	10.887192	3.825309	21.940856	12.120646	-4.250273	-11.650003
38	14.225462	-0.917061	-5.068261	12.073691	4.349491	21.295452	13.520251	-4.433011	-11.232813
39	14.240617	-1.183258	-4.60886	13.610185	5.053139	20.793048	14.628673	-4.586557	-10.701607
40	14.069877	-1.58608	-4.310904	15.563103	5.981507	20.456676	15.365644	-4.682761	-10.06922
41	13.746719	-2.073904	-4.126579	17.839343	7.087381	20.221655	15.797575	-4.707497	-9.380794
42	13.259478	-2.617786	-4.039714	20.436241	8.367361	20.048601	15.914158	-4.633366	-8.654429
43	12.628352	-3.174289	-4.013015	23.291913	9.782076	19.885757	15.764922	-4.457099	-7.918015
44	11.891557	-3.701183	-4.002888	26.324785	11.27981	19.692036	15.427591	-4.196595	-7.201022
45	11.070973	-4.140047	-3.959215	29.489439	12.824267	19.423254	14.954514	-3.863762	-6.544143
46	10.21124	-4.464715	-3.847411	32.70686	14.373063	19.069246	14.439938	-3.498117	-5.968928
47	9.327112	-4.622217	-3.627211	35.937436	15.902842	18.60449	13.944266	-3.124096	-5.524249
48	8.426403	-4.598468	-3.293828	39.15055	17.403922	18.036211	13.510683	-2.765408	-5.234614
49	7.500935	-4.384608	-2.85466	42.333914	18.875819	17.375641	13.156383	-2.436233	-5.12002
50	6.524437	-3.952084	-2.308774	45.488717	20.31637	16.616314	12.881366	-2.146134	-5.211152
51	5.481098	-3.336454	-1.683303	48.63633	21.72292	15.764654	12.642747	-1.885108	-5.463231
52	4.330377	-2.521503	-0.983583	51.80306	23.063657	14.784691	12.398939	-1.635025	-5.864351
53	3.057688	-1.556451	-0.246815	55.007249	24.313762	13.677936	12.116211	-1.360227	-6.349615
54	1.638586	-0.483173	0.477334	58.25514	25.437695	12.449174	11.77429	-1.022335	-6.860715
55	0.053521	0.638042	1.111377	61.530926	26.398809	11.130437	11.360035	-0.586761	-7.328892
56	-1.673617	1.734421	1.59131	64.79729	27.202383	9.791805	10.877919	-0.057738	-7.698593
57	-3.561723	2.722797	1.797461	67.997236	27.80823	8.520218	10.313511	0.564646	-7.884436
58	-5.573187	3.572105	1.722396	71.087804	28.251131	7.38208	9.688496	1.231841	-7.885871
59	-7.695805	4.255525	1.345939	74.001549	28.539068	6.446496	9.015694	1.898071	-7.700106
60	-9.903951	4.784799	0.721487	76.679834	28.704365	5.740225	8.310858	2.508349	-7.369744
61	-12.16284	5.205765	-0.0369	79.105867	28.794567	5.228161	7.584949	3.027257	-6.965938
62	-14.447318	5.540186	-0.820091	81.184759	28.835894	4.907241	6.832646	3.405418	-6.547111
63	-16.724875	5.830288	-1.522046	82.952716	28.871034	4.701803	6.051533	3.661567	-6.165223
64	-18.967673	6.079066	-2.061552	84.347073	28.932382	4.594335	5.224044	3.789096	-5.854198
65	-21.152712	6.281536	-2.422284	85.362234	29.04515	4.572029	4.339721	3.811196	-5.62082
66	-23.263174	6.425756	-2.644341	86.004339	29.224852	4.647567	3.403656	3.757055	-5.464077
67	-25.261375	6.489279	-2.780241	86.201523	29.492127	4.879383	2.437851	3.649776	-5.409287
68	-27.142386	6.484712	-2.904964	86.017688	29.827942	5.282177	1.48567	3.525956	-5.452526
69	-28.866168	6.411546	-3.067976	85.390194	30.220268	5.920125	0.583454	3.398096	-5.600984
70	-30.430792	6.288884	-3.294947	84.359936	30.630437	6.795892	-0.256587	3.269473	-5.816371
71	-31.829279	6.129129	-3.59168	82.942969	31.013083	7.910581	-1.031684	3.142126	-6.058258
72	-33.04381	5.937467	-3.956374	81.128676	31.307604	9.268961	-1.743555	3.022378	-6.287236
73	-34.102648	5.723178	-4.372484	79.006312	31.47935	10.809285	-2.412849	2.917303	-6.479352
74	-34.981405	5.487814	-4.848442	76.565513	31.457541	12.525925	-3.044264	2.841553	-6.610568
75	-35.708259	5.244783	-5.3753	73.888235	31.225109	14.35922	-3.649524	2.799626	-6.673466
76	-36.283008	5.012861	-5.94757	71.003974	30.732112	16.271202	-4.22878	2.791823	-6.644387
77	-36.699597	4.810475	-6.557199	67.93644	29.946769	18.214179	-4.776114	2.8051	-6.505647
78	-36.966845	4.640758	-7.193351	64.7206	28.914641	20.141714	-5.289834	2.814331	-6.27606
79	-37.032308	4.510728	-7.856358	61.320315	27.631844	22.012255	-5.766307	2.773962	-5.974817
80	-36.922998	4.410658	-8.539762	57.759293	26.197856	23.817341	-6.229779	2.641584	-5.662591
81	-36.633272	4.33599	-9.240566	54.023849	24.654436	25.532301	-6.706224	2.35507	-5.392505
82	-36.186633	4.276979	-9.942756	50.134227	23.041621	27.128928	-7.210133	1.887097	-5.214755
83	-35.616694	4.224076	-10.62162	46.132766	21.383703	28.583632	-7.725946	1.26147	-5.163147
84	-34.91713	4.164966	-11.228499	42.042468	19.683827	29.824149	-8.207823	0.498702	-5.31423
85	-34.123116	4.086676	-11.731268	37.923406	17.960868	30.851525	-8.62078	-0.325121	-5.670921
86	-33.239017	3.974827	-12.071848	33.838108	16.226701	31.600628	-8.934619	-1.168024	-6.26646
87	-32.288688	3.830192	-12.232751	29.865649	14.491205	32.05475	-9.164512	-1.992695	-7.033011
88	-31.294826	3.665382	-12.216269	26.08568	12.766936	32.208811	-9.346566	-2.780593	-7.86826
89	-30.280055	3.500179	-12.031328	22.609477	11.095426	32.051043	-9.520932	-3.519731	-8.66985
90	-29.273812	3.352407	-11.754093	19.445759	9.518412	31.689359	-9.713444	-4.208383	-9.376505
91	-28.303014	3.237359	-11.434429	16.689395	8.10128	31.175824	-9.926428	-4.806882	-9.927964
92	-27.376884	3.157662	-11.132805	14.322748	6.855793	30.602271	-10.139838	-5.283166	-10.318322
93	-26.497496	3.113431	-10.893048	12.362845	5.797645	30.036979	-10.327878	-5.59168	-10.544553
94	-25.664736	3.095643	-10.742031	10.846022	4.943879	29.533858	-10.457097	-5.674511	-10.614503
95	-24.870612	3.081574	-10.662764	9.715695	4.264444	29.101181	-10.506471	-5.525261	-10.574888
96	-24.127965	3.04297	-10.643746	9.047579	3.790808	28.740928	-10.425717	-5.058199	-10.432225
97	-23.441936	2.960141	-10.652272	8.76919	3.491983	28.418333	-10.204903	-4.292082	-10.214835
98	-22.834764	2.812202	-10.67007	8.893159	3.374965	28.099587	-9.810517	-3.196212	-9.915537
99	-22.322852	2.585991	-10.689453	9.407271	3.431611	27.739913	-9.226591	-1.782201	-9.51515
100	-21.898249	2.284597	-10.720649	10.244559	3.623437	27.30299	-8.487653	-0.13914	-8.998452
