Time	Hip_Z	Hip_X	Hip_Y	Knee_Z	Knee_X	Knee_Y	Ankle_Z	Ankle_X	Ankle_Y
0	-15.285318	-0.833077	-5.6445	7.173869	4.256332	27.52376	-8.49562	-1.456784	-19.089463
1	-16.010511	-1.086458	-6.372469	9.028363	4.75531	27.04179	-6.580995	-0.047721	-18.381184
2	-17.10633	-1.342274	-7.192533	11.421445	5.358622	26.491805	-5.060363	1.366755	-17.562062
3	-18.620906	-1.597987	-8.060079	14.477879	6.067581	25.886711	-4.316583	2.637596	-16.656635
4	-20.388548	-1.853762	-8.896468	18.042727	6.833292	25.234579	-4.356289	3.700151	-15.70585
5	-22.254633	-2.121574	-9.585771	22.066445	7.595827	24.481783	-5.313725	4.47464	-14.720682
6	-24.00115	-2.416969	-10.050493	26.295482	8.277443	23.600562	-6.939691	5.011943	-13.73611
7	-25.389542	-2.756333	-10.1783	30.466815	8.785551	22.569699	-9.0811	5.33914	-12.813849
8	-26.323209	-3.125852	-9.984351	34.32584	9.098809	21.448119	-11.448622	5.54671	-12.000167
9	-26.70099	-3.4914	-9.491011	37.60354	9.202457	20.318777	-13.829844	5.691611	-11.337417
10	-26.585689	-3.814798	-8.819496	40.217927	9.152631	19.278583	-16.08058	5.811674	-10.818718
11	-26.035051	-4.068821	-8.089284	42.102023	9.008153	18.426914	-18.105772	5.915544	-10.44139
12	-25.164818	-4.257056	-7.399946	43.328533	8.827629	17.810159	-19.879359	6.003225	-10.182717
13	-24.069286	-4.397945	-6.817681	43.981809	8.641693	17.444603	-21.396447	6.07098	-10.018067
14	-22.820518	-4.515318	-6.36617	44.168105	8.45456	17.304063	-22.678394	6.113527	-9.923912
15	-21.471576	-4.630853	-6.031655	44.000762	8.259219	17.326194	-23.75927	6.119111	-9.883036
16	-20.047434	-4.758603	-5.782356	43.547868	8.049766	17.44086	-24.655741	6.0656	-9.8895
17	-18.567158	-4.904808	-5.568558	42.874442	7.831484	17.568493	-25.385704	5.93326	-9.941833
18	-17.036236	-5.069755	-5.350243	41.984985	7.617525	17.649458	-25.919679	5.700836	-10.047927
19	-15.468761	-5.245147	-5.098509	40.90502	7.424192	17.648312	-26.239814	5.373185	-10.20285
20	-13.874747	-5.423088	-4.793712	39.619007	7.275452	17.536678	-26.279572	4.942141	-10.409805
21	-12.271367	-5.595725	-4.438209	38.163514	7.186997	17.331525	-26.042916	4.424469	-10.663545
22	-10.665698	-5.753858	-4.02584	36.535284	7.18072	17.039859	-25.470729	3.814399	-10.968365
23	-9.056707	-5.889255	-3.565111	34.788723	7.236334	16.699445	-24.617267	3.138545	-11.306056
24	-7.437033	-5.977744	-3.041422	32.939299	7.332267	16.329969	-23.447275	2.409109	-11.666664
25	-5.803643	-6.009188	-2.461648	31.039178	7.424975	15.958362	-22.043688	1.662841	-12.036552
26	-4.142412	-5.950107	-1.807568	29.11376	7.47227	15.608469	-20.382086	0.934339	-12.420578
27	-2.444503	-5.808549	-1.093342	27.190438	7.457051	15.295754	-18.536419	0.249386	-12.828124
28	-0.684542	-5.562276	-0.309507	25.28685	7.343505	15.049268	-16.489506	-0.358201	-13.284265
29	1.131879	-5.232029	0.524192	23.412556	7.138331	14.868902	-14.291717	-0.890866	-13.791321
30	3.000879	-4.816219	1.394585	21.594629	6.827843	14.770422	-11.935014	-1.334498	-14.350437
31	4.894432	-4.34456	2.269501	19.849784	6.438932	14.741743	-9.46035	-1.708113	-14.931232
32	6.789894	-3.839041	3.115017	18.219975	5.988428	14.790981	-6.87849	-2.014046	-15.500441
33	8.661178	-3.335763	3.90774	16.724385	5.518914	14.907648	-4.229789	-2.27124	-16.031196
34	10.467644	-2.876585	4.621177	15.420412	5.082261	15.089495	-1.559252	-2.495662	-16.492242
35	12.175699	-2.495538	5.24718	14.34221	4.729246	15.32386	1.067051	-2.713374	-16.87076
36	13.737078	-2.233955	5.767951	13.563338	4.522179	15.610793	3.558224	-2.949367	-17.156323
37	15.119486	-2.111084	6.177965	13.133866	4.498282	15.947309	5.830989	-3.219258	-17.353978
38	16.28091	-2.136567	6.470516	13.128612	4.690106	16.328128	7.788806	-3.53007	-17.465667
39	17.188409	-2.298265	6.647585	13.608346	5.111017	16.74003	9.354539	-3.881703	-17.497837
40	17.822547	-2.564559	6.721362	14.611823	5.75887	17.158108	10.477896	-4.272509	-17.465615
41	18.16488	-2.897866	6.708511	16.17868	6.632696	17.542957	11.119829	-4.703211	-17.388521
42	18.237263	-3.24565	6.646289	18.269717	7.699341	17.839816	11.318197	-5.169248	-17.2996
43	18.035844	-3.558733	6.575238	20.888137	8.939918	17.970525	11.087796	-5.665236	-17.233378
44	17.605989	-3.80022	6.539868	23.931704	10.298086	17.879334	10.541215	-6.175876	-17.214424
45	16.94776	-3.936864	6.581171	27.372165	11.737411	17.47936	9.740631	-6.688409	-17.260988
46	16.112482	-3.976826	6.708972	31.083581	13.19919	16.774646	8.803197	-7.191325	-17.364391
47	15.095103	-3.91886	6.937689	35.020626	14.630088	15.716123	7.779186	-7.670819	-17.526669
48	13.936608	-3.798489	7.239124	39.0799	15.988581	14.384042	6.721175	-8.120726	-17.731097
49	12.615051	-3.630314	7.602746	43.218189	17.216647	12.78089	5.652514	-8.530226	-17.972091
50	11.160658	-3.443223	7.991613	47.37531	18.314158	11.016201	4.59651	-8.905019	-18.229566
51	9.534418	-3.251144	8.373486	51.508143	19.234977	9.139274	3.580448	-9.228666	-18.488338
52	7.762443	-3.063017	8.716236	55.587354	20.009035	7.249081	2.608061	-9.497624	-18.726846
53	5.804122	-2.876926	8.97365	59.566044	20.597843	5.43101	1.686853	-9.67213	-18.903908
54	3.688617	-2.681595	9.136405	63.435071	21.028742	3.737073	0.798176	-9.742304	-18.99919
55	1.404344	-2.456945	9.166413	67.141267	21.281451	2.255612	-0.072503	-9.665431	-18.976813
56	-0.983255	-2.19313	9.066141	70.673094	21.394879	1.002478	-0.948089	-9.446375	-18.846485
57	-3.397259	-1.881194	8.804004	73.960809	21.376798	0.039495	-1.849253	-9.05153	-18.601216
58	-5.743843	-1.538921	8.391525	76.99112	21.279173	-0.657284	-2.785764	-8.491969	-18.279585
59	-7.937534	-1.189788	7.820524	79.707216	21.150271	-1.076799	-3.767696	-7.759012	-17.922826
60	-9.959169	-0.856446	7.120092	82.11723	21.038539	-1.262275	-4.788341	-6.890767	-17.577629
61	-11.811493	-0.552905	6.314712	84.202268	20.981624	-1.230973	-5.831608	-5.929512	-17.284592
62	-13.538601	-0.274718	5.439545	85.977455	20.99537	-1.016381	-6.87104	-4.936657	-17.069695
63	-15.188016	-0.00418	4.521979	87.437679	21.086863	-0.637483	-7.873916	-3.980711	-16.950832
64	-16.800616	0.281889	3.578803	88.577194	21.252106	-0.107069	-8.8066	-3.121852	-16.920325
65	-18.406112	0.607635	2.61385	89.391778	21.477534	0.570928	-9.646803	-2.399407	-16.948628
66	-20.019075	0.993992	1.617629	89.861348	21.746595	1.410923	-10.393645	-1.831804	-17.004003
67	-21.641358	1.44829	0.578313	90.001953	22.035366	2.41757	-11.075479	-1.403865	-17.057332
68	-23.26184	1.976848	-0.515439	89.791126	22.318354	3.617748	-11.718875	-1.106655	-17.085761
69	-24.858936	2.567249	-1.654569	89.265041	22.562627	5.00526	-12.353627	-0.904123	-17.066055
70	-26.404305	3.213996	-2.826168	88.398011	22.72932	6.600961	-12.995126	-0.776212	-16.969747
71	-27.882042	3.892618	-4.002327	87.244767	22.80838	8.361673	-13.640509	-0.682885	-16.804473
72	-29.253693	4.580563	-5.153624	85.775605	22.780379	10.272605	-14.268595	-0.598187	-16.584539
73	-30.504485	5.249011	-6.258596	84.047489	22.664962	12.265611	-14.860347	-0.506311	-16.350726
74	-31.56655	5.85904	-7.285378	82.011908	22.452481	14.299528	-15.389575	-0.407153	-16.139024
75	-32.438902	6.392465	-8.236487	79.723587	22.165573	16.3213	-15.858999	-0.311772	-15.970623
76	-33.037244	6.795949	-9.081325	77.115106	21.788402	18.271317	-16.25811	-0.245696	-15.873862
77	-33.397549	7.068945	-9.826967	74.246607	21.338855	20.113749	-16.61523	-0.229571	-15.840277
78	-33.466896	7.156388	-10.42847	71.060571	20.797885	21.760459	-16.947841	-0.307041	-15.882311
79	-33.304827	7.075041	-10.887197	67.613243	20.176546	23.196268	-17.280521	-0.480504	-15.986411
80	-32.885362	6.79129	-11.146308	63.862953	19.458909	24.346077	-17.619787	-0.769786	-16.172316
81	-32.254608	6.345053	-11.210679	59.856411	18.660763	25.24104	-17.951995	-1.151073	-16.433165
82	-31.39499	5.753655	-11.048036	55.570924	17.779249	25.876477	-18.232819	-1.613069	-16.757134
83	-30.343357	5.086035	-10.704861	51.05543	16.837692	26.342009	-18.407295	-2.108785	-17.095059
84	-29.106599	4.408871	-10.224992	46.32671	15.857088	26.731394	-18.40763	-2.594309	-17.409745
85	-27.728771	3.781832	-9.688848	41.45062	14.862964	27.157782	-18.238475	-3.049155	-17.705091
86	-26.24106	3.2501	-9.167214	36.49786	13.861703	27.715879	-17.923576	-3.469255	-18.006063
87	-24.684254	2.825333	-8.700807	31.564599	12.839274	28.432242	-17.511508	-3.861367	-18.330034
88	-23.099629	2.502006	-8.287726	26.775195	11.769114	29.264599	-17.049476	-4.228727	-18.672957
89	-21.530138	2.258286	-7.882874	22.258982	10.634166	30.104844	-16.582778	-4.562771	-19.01158
90	-20.019174	2.06704	-7.420042	18.137504	9.440644	30.811566	-16.153045	-4.844265	-19.313561
91	-18.606644	1.908909	-6.845107	14.523757	8.220451	31.257605	-15.79589	-5.056046	-19.548733
92	-17.314406	1.766791	-6.150521	11.451054	7.033427	31.393124	-15.530626	-5.200069	-19.70778
93	-16.167879	1.633216	-5.364072	8.980819	5.953535	31.211336	-15.363794	-5.282892	-19.797062
94	-15.163945	1.503854	-4.566216	7.052953	5.035917	30.817365	-15.255848	-5.327045	-19.851462
95	-14.323694	1.378149	-3.849901	5.704595	4.348084	30.298591	-15.145716	-5.33934	-19.894665
96	-13.628854	1.256991	-3.281798	4.835964	3.880236	29.759818	-14.947305	-5.309518	-19.930014
97	-13.108175	1.144276	-2.939244	4.488098	3.655107	29.259246	-14.531967	-5.177269	-19.926978
98	-12.748292	1.038214	-2.805015	4.555572	3.610982	28.811111	-13.833266	-4.895071	-19.85291
99	-12.610556	0.932278	-2.910758	5.101032	3.751498	28.414001	-12.710637	-4.360574	-19.643757
100	-12.687799	0.815971	-3.189428	6.031382	4.017572	28.029399	-11.238111	-3.5853	-19.288668
