Time	Hip_Z	Hip_X	Hip_Y	Knee_Z	Knee_X	Knee_Y	Ankle_Z	Ankle_X	Ankle_Y
0	-31.142202	6.692928	-1.456475	5.961944	1.786067	30.448136	-8.510482	-5.546338	-17.209119
1	-31.443118	6.808368	-1.84835	7.992984	2.363059	29.635343	-7.133942	-3.479479	-15.91733
2	-31.837733	6.822752	-2.316515	10.334659	2.96447	28.731681	-5.644225	-1.106398	-14.443065
3	-32.386244	6.688287	-2.868432	13.018175	3.597446	27.736417	-4.277036	1.400754	-12.858282
4	-33.103144	6.412695	-3.488891	15.955157	4.29027	26.717161	-3.226139	3.783678	-11.300151
5	-34.03546	5.963491	-4.187714	19.141437	5.117106	25.737745	-2.720972	5.784796	-9.908011
6	-35.128686	5.365137	-4.941525	22.486958	6.106564	24.818139	-2.769847	7.321273	-8.752898
7	-36.328827	4.613842	-5.713921	25.926708	7.266716	23.927582	-3.422369	8.323915	-7.899354
8	-37.526997	3.751064	-6.432583	29.349041	8.503952	22.986359	-4.529632	8.924396	-7.287723
9	-38.613182	2.808921	-7.011435	32.634858	9.720163	21.926857	-6.00738	9.195953	-6.878651
10	-39.492373	1.855695	-7.392263	35.672441	10.829304	20.756053	-7.697428	9.255867	-6.602439
11	-40.076134	0.964275	-7.527886	38.350457	11.764307	19.524613	-9.495019	9.159792	-6.411112
12	-40.32853	0.197174	-7.423311	40.625442	12.470521	18.306137	-11.304098	8.96609	-6.225249
13	-40.242015	-0.415738	-7.100647	42.491282	12.886698	17.147281	-13.07389	8.714603	-5.965149
14	-39.854406	-0.879651	-6.613462	43.984433	12.973854	16.084677	-14.778767	8.445949	-5.574258
15	-39.228282	-1.21971	-6.025481	45.145378	12.752758	15.158354	-16.406036	8.192736	-5.067711
16	-38.422617	-1.463029	-5.39394	45.978507	12.293747	14.430378	-17.926666	7.989442	-4.53477
17	-37.490207	-1.64134	-4.754989	46.504734	11.702435	13.921186	-19.320984	7.855157	-4.077599
18	-36.444179	-1.778407	-4.124671	46.706442	11.061133	13.638443	-20.56101	7.803456	-3.784728
19	-35.292446	-1.897237	-3.504022	46.606514	10.427179	13.532023	-21.64621	7.823236	-3.674822
20	-34.011801	-2.011515	-2.890164	46.156151	9.834726	13.568378	-22.545773	7.898339	-3.762678
21	-32.607515	-2.128408	-2.278368	45.379946	9.290896	13.683593	-23.273396	7.984894	-3.99936
22	-31.049199	-2.249385	-1.662658	44.215064	8.809193	13.839986	-23.794658	8.024627	-4.370324
23	-29.351002	-2.370515	-1.037431	42.715433	8.383402	14.006329	-24.12966	7.976284	-4.836671
24	-27.490639	-2.481789	-0.398143	40.839723	8.022445	14.17263	-24.219746	7.788273	-5.401302
25	-25.512912	-2.572896	0.250844	38.695494	7.702296	14.335126	-24.068431	7.493554	-6.024882
26	-23.423546	-2.621783	0.909174	36.304892	7.398227	14.486892	-23.566356	7.098818	-6.677793
27	-21.276335	-2.623025	1.571965	33.797043	7.078198	14.62837	-22.755764	6.642863	-7.325077
28	-19.102234	-2.553606	2.230611	31.245355	6.721645	14.773381	-21.57068	6.132913	-7.957135
29	-16.9404	-2.41711	2.874386	28.73129	6.336697	14.95315	-20.086201	5.595221	-8.592699
30	-14.821195	-2.199605	3.496924	26.326704	5.930466	15.213657	-18.282591	5.044662	-9.267249
31	-12.753187	-1.913712	4.109878	24.062213	5.515702	15.568824	-16.234577	4.49734	-10.00962
32	-10.746104	-1.55515	4.728078	21.985268	5.102606	16.042206	-13.948331	3.957673	-10.861946
33	-8.78783	-1.135439	5.361589	20.089081	4.703035	16.625741	-11.481826	3.418747	-11.838677
34	-6.869439	-0.655793	6.009312	18.387798	4.332247	17.326467	-8.849716	2.866977	-12.960368
35	-4.973931	-0.133294	6.657955	16.860045	4.004619	18.117665	-6.098571	2.281403	-14.193031
36	-3.096357	0.414374	7.292766	15.508758	3.738728	18.961163	-3.268359	1.635412	-15.47477
37	-1.245526	0.959619	7.902529	14.32584	3.550446	19.793419	-0.417541	0.910479	-16.710235
38	0.555638	1.47533	8.484839	13.316558	3.459166	20.555534	2.399597	0.094604	-17.823893
39	2.273816	1.934659	9.044115	12.492945	3.4839	21.187773	5.115347	-0.814331	-18.753638
40	3.876124	2.320067	9.584391	11.874353	3.635668	21.641106	7.666737	-1.806755	-19.450611
41	5.315953	2.614459	10.10466	11.506497	3.924087	21.854212	9.986298	-2.857215	-19.851362
42	6.563313	2.815077	10.601802	11.419185	4.337463	21.79847	12.049207	-3.92019	-19.934664
43	7.56464	2.913254	11.065078	11.686117	4.870498	21.427339	13.816636	-4.934956	-19.662266
44	8.315588	2.919396	11.486668	12.320294	5.498909	20.769911	15.308956	-5.851386	-19.082774
45	8.771259	2.827457	11.847892	13.400586	6.220171	19.83625	16.493044	-6.603449	-18.228233
46	8.958917	2.652967	12.145282	14.892806	7.01964	18.720294	17.396559	-7.179814	-17.212829
47	8.842745	2.392498	12.362409	16.850486	7.912894	17.499207	17.961386	-7.542433	-16.139779
48	8.478436	2.070937	12.5141	19.174774	8.895476	16.27909	18.22188	-7.729702	-15.129154
49	7.842412	1.700185	12.609613	21.875091	9.9961	15.133848	18.103876	-7.730995	-14.303561
50	7.005632	1.312913	12.686506	24.836067	11.194301	14.056874	17.665207	-7.601661	-13.670282
51	5.953125	0.940139	12.777743	28.055124	12.494666	13.019569	16.840155	-7.344971	-13.262453
52	4.747085	0.60516	12.903956	31.433527	13.85202	11.963582	15.726423	-7.012393	-13.00116
53	3.373522	0.340454	13.086327	34.947324	15.237028	10.832847	14.315354	-6.617872	-12.858996
54	1.87083	0.151701	13.317294	38.523963	16.603556	9.617025	12.71231	-6.191733	-12.767877
55	0.225667	0.064945	13.59574	42.114535	17.902796	8.316059	10.955693	-5.737711	-12.697296
56	-1.540112	0.072982	13.8967	45.665095	19.109428	6.984154	9.129694	-5.250591	-12.624713
57	-3.440491	0.185648	14.189727	49.128776	20.186793	5.679133	7.285935	-4.70085	-12.536298
58	-5.457412	0.379472	14.431276	52.490517	21.135702	4.455927	5.471322	-4.071155	-12.416976
59	-7.58958	0.635363	14.562541	55.730261	21.947598	3.370647	3.717367	-3.346575	-12.244617
60	-9.807291	0.912524	14.538663	58.849544	22.647557	2.450348	2.035554	-2.545716	-12.008425
61	-12.083025	1.174204	14.319415	61.832901	23.249764	1.722398	0.435262	-1.693515	-11.699985
62	-14.374649	1.394838	13.907389	64.667089	23.773648	1.182823	-1.087884	-0.834118	-11.326401
63	-16.644583	1.573748	13.325186	67.322138	24.224057	0.823669	-2.53962	-0.009999	-10.901899
64	-18.856095	1.729676	12.628747	69.755534	24.602988	0.622574	-3.929306	0.738834	-10.457596
65	-20.987399	1.882319	11.882134	71.92388	24.916981	0.554579	-5.262048	1.389169	-10.034814
66	-23.028724	2.044909	11.143701	73.76314	25.178145	0.605665	-6.532199	1.924094	-9.688751
67	-24.991825	2.219484	10.445577	75.248613	25.405317	0.761788	-7.734957	2.347924	-9.460382
68	-26.88157	2.402114	9.808402	76.318827	25.61098	1.028282	-8.853067	2.656448	-9.39545
69	-28.708708	2.584831	9.23045	76.988789	25.802687	1.398384	-9.880414	2.86196	-9.493248
70	-30.465847	2.757017	8.712161	77.204892	25.975018	1.891011	-10.794496	2.952009	-9.75799
71	-32.15577	2.908762	8.240081	77.020869	26.117704	2.498455	-11.604598	2.939698	-10.138505
72	-33.752281	3.022942	7.812261	76.388556	26.203825	3.243051	-12.297156	2.816122	-10.597249
73	-35.246668	3.096544	7.413788	75.384446	26.223719	4.108206	-12.892648	2.608204	-11.076606
74	-36.587747	3.118147	7.042037	73.9532	26.148983	5.119086	-13.376403	2.322837	-11.531681
75	-37.779506	3.099122	6.689414	72.183763	25.982467	6.2492	-13.77356	1.99682	-11.935128
76	-38.766932	3.03914	6.35767	70.022861	25.674866	7.520257	-14.076901	1.653796	-12.244429
77	-39.578865	2.957456	6.037366	67.567047	25.224589	8.900041	-14.312624	1.321592	-12.462484
78	-40.176492	2.870205	5.718574	64.7853	24.565124	10.401651	-14.47494	1.015624	-12.560153
79	-40.599427	2.802178	5.385967	61.75977	23.701881	11.993514	-14.583173	0.723028	-12.549556
80	-40.826464	2.787358	5.008944	58.467231	22.604331	13.69715	-14.619458	0.427452	-12.432146
81	-40.882793	2.847224	4.554695	54.93025	21.346895	15.541374	-14.567241	0.11733	-12.280176
82	-40.734623	3.016642	3.969969	51.084753	19.971324	17.614981	-14.389515	-0.214091	-12.176288
83	-40.38851	3.296277	3.238727	46.936309	18.534789	19.951794	-14.093761	-0.564908	-12.199305
84	-39.82173	3.68472	2.342529	42.469016	17.043456	22.582362	-13.687191	-0.931262	-12.421593
85	-39.057802	4.139821	1.314994	37.772763	15.473772	25.411301	-13.21921	-1.306139	-12.843431
86	-38.105984	4.616742	0.196758	32.94243	13.786543	28.304387	-12.737609	-1.689207	-13.454281
87	-37.005286	5.059752	-0.935328	28.108178	11.977222	31.075312	-12.281827	-2.088135	-14.218689
88	-35.796636	5.419819	-1.99191	23.389932	10.069922	33.545815	-11.87107	-2.52481	-15.105139
89	-34.540664	5.653708	-2.864089	18.916929	8.126561	35.540631	-11.516458	-3.03161	-16.059343
90	-33.299021	5.744115	-3.465006	14.791536	6.223972	36.949927	-11.224527	-3.630661	-17.014351
91	-32.139208	5.696018	-3.7168	11.12737	4.455082	37.685906	-11.006983	-4.326138	-17.881779
92	-31.106434	5.549872	-3.624105	7.970321	2.88484	37.78467	-10.872157	-5.08072	-18.588562
93	-30.247899	5.355959	-3.219545	5.410338	1.592918	37.281921	-10.836156	-5.826548	-19.05931
94	-29.56509	5.171046	-2.633434	3.419401	0.593969	36.361917	-10.88134	-6.491885	-19.300368
95	-29.081583	5.051656	-2.004185	2.065072	-0.061113	35.189569	-10.976928	-6.98629	-19.314898
96	-28.769239	5.024327	-1.460835	1.269848	-0.419089	33.96849	-11.061038	-7.27188	-19.165165
97	-28.637424	5.121638	-1.124128	1.101152	-0.47012	32.854842	-11.029042	-7.258772	-18.858566
98	-28.639892	5.320193	-1.007435	1.445019	-0.29777	31.906993	-10.794414	-6.945297	-18.420417
99	-28.773465	5.606531	-1.150335	2.356453	0.086152	31.163247	-10.187111	-6.21233	-17.793951
100	-28.999591	5.925009	-1.473248	3.701618	0.599939	30.534474	-9.199049	-5.07929	-16.971593
