Time	Hip_Z	Hip_X	Hip_Y	Knee_Z	Knee_X	Knee_Y	Ankle_Z	Ankle_X	Ankle_Y
0	-20.596412	-1.699214	-9.920521	11.680786	4.944988	37.177185	-10.299509	-10.843893	-23.665183
1	-20.556939	-1.955768	-9.760987	12.765692	5.586428	36.950979	-9.920536	-9.317776	-23.366607
2	-20.590648	-2.239334	-9.580847	13.988307	6.268846	36.521829	-9.357112	-7.368191	-22.839051
3	-20.708489	-2.538629	-9.402471	15.346724	6.927692	35.83581	-8.644968	-5.043444	-22.035822
4	-20.940473	-2.841321	-9.267163	16.864046	7.503925	34.851985	-7.867768	-2.463278	-20.902206
5	-21.301984	-3.138993	-9.207381	18.54669	7.988708	33.627228	-7.149735	0.16333	-19.475119
6	-21.843151	-3.429781	-9.262811	20.451147	8.398788	32.2063	-6.652095	2.613324	-17.767558
7	-22.575242	-3.719776	-9.434821	22.590188	8.812907	30.71829	-6.506122	4.674726	-15.912982
8	-23.471846	-4.019226	-9.687989	24.936064	9.324557	29.294194	-6.762244	6.231193	-14.091602
9	-24.498576	-4.349786	-9.956239	27.464183	10.05822	28.067418	-7.505346	7.111406	-12.545931
10	-25.541593	-4.728702	-10.139782	30.052653	11.01903	27.0405	-8.604598	7.450601	-11.385658
11	-26.490187	-5.174195	-10.145047	32.586194	12.173188	26.175326	-9.966204	7.357418	-10.659254
12	-27.203191	-5.698098	-9.874175	34.915436	13.433446	25.408343	-11.492727	6.956994	-10.361282
13	-27.635895	-6.269479	-9.354901	36.973143	14.66854	24.667872	-13.063712	6.43502	-10.319058
14	-27.726288	-6.850931	-8.607881	38.672517	15.768586	23.939478	-14.611709	5.886704	-10.429264
15	-27.480578	-7.392878	-7.712674	39.991232	16.656483	23.242624	-16.088367	5.383765	-10.585133
16	-26.963817	-7.865386	-6.754333	40.975155	17.322644	22.604192	-17.47757	4.954416	-10.727164
17	-26.18406	-8.238252	-5.785571	41.596514	17.735391	22.067108	-18.753598	4.620984	-10.832703
18	-25.215719	-8.520015	-4.848989	41.920538	17.94897	21.647082	-19.922831	4.366872	-10.910225
19	-24.101282	-8.718025	-3.973808	41.977807	18.003415	21.361657	-20.980816	4.174899	-10.973518
20	-22.852598	-8.824495	-3.203153	41.744585	17.913246	21.255544	-21.893592	4.029281	-11.037322
21	-21.513747	-8.858691	-2.543048	41.282506	17.731544	21.313615	-22.669321	3.896578	-11.115497
22	-20.091782	-8.817044	-2.021375	40.584584	17.473855	21.559331	-23.276967	3.751415	-11.226837
23	-18.592404	-8.697228	-1.657863	39.654646	17.153863	22.002792	-23.684042	3.567421	-11.392171
24	-17.029664	-8.510726	-1.434039	38.538511	16.787163	22.607477	-23.893078	3.331319	-11.616991
25	-15.399355	-8.253197	-1.351077	37.242013	16.370312	23.358718	-23.856489	3.0197	-11.917226
26	-13.710828	-7.935476	-1.362478	35.818014	15.90492	24.1903	-23.582687	2.625066	-12.287342
27	-11.971412	-7.56695	-1.415036	34.314202	15.392304	25.036765	-23.088674	2.143598	-12.718104
28	-10.174009	-7.142682	-1.448248	32.760408	14.827245	25.827708	-22.334428	1.548904	-13.215527
29	-8.330983	-6.675647	-1.413179	31.194968	14.228021	26.525678	-21.367753	0.860637	-13.761056
30	-6.443632	-6.167071	-1.267341	29.637719	13.605568	27.097388	-20.182428	0.086418	-14.34882
31	-4.515904	-5.616324	-0.971393	28.107584	12.974657	27.516847	-18.765662	-0.758268	-14.977405
32	-2.565211	-5.031535	-0.53876	26.614936	12.350769	27.808294	-17.1568	-1.640669	-15.639663
33	-0.609608	-4.413112	0.034674	25.183427	11.748188	27.970662	-15.345111	-2.537044	-16.332227
34	1.322376	-3.769311	0.722592	23.838939	11.177851	28.019067	-13.354875	-3.417115	-17.035572
35	3.201889	-3.112072	1.490965	22.607631	10.648728	27.964206	-11.226787	-4.257395	-17.722308
36	4.974398	-2.458796	2.315985	21.563618	10.192583	27.778398	-8.981273	-5.024509	-18.347244
37	6.612111	-1.835622	3.147652	20.733008	9.831876	27.472881	-6.681708	-5.711654	-18.880164
38	8.076419	-1.275399	3.941627	20.16282	9.605828	27.04934	-4.376418	-6.312546	-19.286927
39	9.304974	-0.828364	4.641514	19.937485	9.58284	26.506324	-2.121762	-6.820398	-19.515585
40	10.311414	-0.506613	5.227919	20.035912	9.767751	25.880928	0.050835	-7.259598	-19.574787
41	11.063021	-0.340556	5.670709	20.510439	10.203978	25.18335	2.105696	-7.636165	-19.443282
42	11.554487	-0.334721	5.967451	21.377633	10.901187	24.421401	4.021196	-7.961709	-19.124895
43	11.818056	-0.457674	6.152162	22.597364	11.81937	23.596141	5.798354	-8.251456	-18.650683
44	11.829125	-0.694924	6.248414	24.216968	12.958288	22.677734	7.40058	-8.510873	-18.009152
45	11.62609	-0.995794	6.310083	26.182495	14.253765	21.655489	8.832546	-8.749408	-17.22953
46	11.232007	-1.321996	6.377234	28.457888	15.658314	20.524613	10.090961	-8.966476	-16.336221
47	10.628002	-1.640041	6.488977	31.060558	17.144073	19.270934	11.127579	-9.142678	-15.343342
48	9.85897	-1.929159	6.660418	33.895867	18.666293	17.928706	11.959913	-9.261259	-14.305745
49	8.918949	-2.177392	6.905945	36.93735	20.209843	16.513034	12.546119	-9.287029	-13.268913
50	7.804209	-2.38333	7.226538	40.145567	21.769705	15.04963	12.842809	-9.178461	-12.294656
51	6.541477	-2.560388	7.600402	43.456449	23.346706	13.568716	12.871404	-8.92698	-11.424838
52	5.11655	-2.7167	8.006484	46.836286	24.948908	12.095163	12.603946	-8.504378	-10.712266
53	3.542481	-2.858642	8.4074	50.239389	26.575554	10.653029	12.087082	-7.932596	-10.165089
54	1.830517	-2.982703	8.770455	53.633951	28.2172	9.257227	11.377488	-7.245982	-9.770035
55	-0.051009	-3.068198	9.047098	56.991041	29.851696	7.933805	10.494838	-6.46038	-9.533585
56	-2.081641	-3.098665	9.224952	60.303212	31.446242	6.68034	9.512864	-5.622996	-9.397998
57	-4.269536	-3.044602	9.284509	63.560814	32.955779	5.507229	8.463401	-4.755742	-9.332755
58	-6.618308	-2.86565	9.200593	66.744621	34.318396	4.438268	7.371065	-3.87833	-9.310279
59	-9.075905	-2.560601	8.988048	69.842901	35.520608	3.475566	6.261073	-3.011166	-9.305948
60	-11.603028	-2.114436	8.636906	72.808176	36.530375	2.643302	5.14599	-2.178171	-9.319235
61	-14.14047	-1.554964	8.165216	75.596217	37.360958	1.935828	4.038599	-1.40357	-9.364892
62	-16.646151	-0.941299	7.607665	78.181647	38.053111	1.31955	2.951138	-0.70414	-9.46316
63	-19.091722	-0.34786	6.979504	80.484324	38.616698	0.773154	1.907402	-0.117831	-9.649745
64	-21.481045	0.16385	6.299389	82.505516	39.086734	0.278368	0.920989	0.354293	-9.923364
65	-23.811319	0.568344	5.560412	84.218641	39.464539	-0.140129	0.006438	0.708123	-10.275014
66	-26.066483	0.860707	4.740136	85.546434	39.719511	-0.415015	-0.813952	0.930235	-10.687747
67	-28.254682	1.090569	3.845798	86.528214	39.851087	-0.519464	-1.552658	1.051333	-11.118889
68	-30.367828	1.29242	2.877764	87.117353	39.829529	-0.398995	-2.208168	1.078493	-11.531732
69	-32.397814	1.498578	1.85966	87.292533	39.639626	-0.028341	-2.788765	1.031055	-11.888664
70	-34.341291	1.721096	0.83312	87.09079	39.301725	0.560418	-3.310739	0.936705	-12.173791
71	-36.161012	1.956537	-0.157464	86.44522	38.813598	1.375358	-3.770458	0.808738	-12.369462
72	-37.841665	2.184997	-1.081231	85.387659	38.220042	2.365385	-4.176457	0.664929	-12.495187
73	-39.36684	2.384386	-1.923963	83.936636	37.559917	3.494865	-4.534567	0.515247	-12.57655
74	-40.676663	2.522236	-2.667826	82.015818	36.859433	4.771586	-4.838321	0.366073	-12.636468
75	-41.786845	2.595386	-3.343054	79.710633	36.145284	6.170353	-5.0998	0.220243	-12.697225
76	-42.665479	2.595837	-3.967454	77.002391	35.418904	7.713703	-5.32012	0.075745	-12.767591
77	-43.278609	2.523504	-4.565483	73.875752	34.668621	9.434626	-5.500852	-0.078453	-12.855203
78	-43.647494	2.398938	-5.161087	70.398126	33.882327	11.331507	-5.653152	-0.257307	-12.968263
79	-43.731217	2.232652	-5.76855	66.546833	33.032822	13.444391	-5.785159	-0.487002	-13.127291
80	-43.541351	2.04162	-6.392414	62.373998	32.092636	15.763295	-5.912811	-0.78647	-13.343667
81	-43.105705	1.837969	-7.029545	57.949941	31.033463	18.252384	-6.048585	-1.159496	-13.621117
82	-42.398684	1.631085	-7.674554	53.311101	29.780134	20.886327	-6.201689	-1.613411	-13.979556
83	-41.486746	1.431364	-8.316625	48.580054	28.319842	23.568284	-6.371659	-2.123348	-14.407047
84	-40.39221	1.247277	-8.946126	43.84859	26.620227	26.210429	-6.55967	-2.679834	-14.895127
85	-39.130194	1.086653	-9.55184	39.22712	24.650295	28.69571	-6.766956	-3.280874	-15.431365
86	-37.756436	0.946407	-10.128797	34.782368	22.475158	30.958927	-6.987384	-3.922005	-15.994482
87	-36.292159	0.824099	-10.663084	30.601149	20.130662	32.904717	-7.217336	-4.62093	-16.576172
88	-34.771657	0.712022	-11.140786	26.731616	17.697658	34.491767	-7.452357	-5.394994	-17.169051
89	-33.231009	0.601521	-11.552108	23.174984	15.265203	35.744901	-7.689997	-6.248821	-17.772551
90	-31.706753	0.486235	-11.870149	20.015154	12.93164	36.629759	-7.931206	-7.196019	-18.392053
91	-30.231676	0.365436	-12.09943	17.233238	10.762282	37.228488	-8.176318	-8.205903	-19.023708
92	-28.833099	0.241316	-12.244606	14.84456	8.81265	37.598021	-8.425899	-9.240163	-19.662405
93	-27.553704	0.11707	-12.305026	12.934332	7.175984	37.77966	-8.678878	-10.236448	-20.298765
94	-26.394894	-0.005337	-12.307792	11.436367	5.833932	37.868248	-8.928139	-11.13616	-20.913495
95	-25.38131	-0.126803	-12.261853	10.384841	4.825549	37.90686	-9.162266	-11.867211	-21.468822
96	-24.525742	-0.252147	-12.180885	9.780806	4.163695	37.926951	-9.363069	-12.363349	-21.916463
97	-23.809813	-0.387302	-12.079866	9.549019	3.799676	37.939455	-9.512047	-12.606222	-22.23409
98	-23.247486	-0.541991	-11.961811	9.705358	3.754274	37.932355	-9.568049	-12.509806	-22.381387
99	-22.818717	-0.720044	-11.830002	10.177556	3.96994	37.885982	-9.504582	-12.055853	-22.367622
100	-22.508498	-0.920434	-11.687721	10.906389	4.391486	37.779316	-9.302995	-11.232645	-22.206066
