Time	Hip_Z	Hip_X	Hip_Y	Knee_Z	Knee_X	Knee_Y	Ankle_Z	Ankle_X	Ankle_Y
0	-20.381233	4.129789	-4.388693	14.001161	4.101444	26.448818	-11.166611	-3.403939	-10.608008
1	-19.848758	3.916745	-4.796675	14.824172	4.138392	26.173747	-10.041388	-2.267015	-10.380577
2	-19.445254	3.60575	-5.311708	15.835028	4.23875	25.913369	-8.776692	-0.913011	-9.995103
3	-19.231505	3.188309	-5.943191	17.076518	4.398145	25.627014	-7.512368	0.559641	-9.399249
4	-19.244336	2.679156	-6.688559	18.592263	4.608546	25.293107	-6.439125	2.004773	-8.590695
5	-19.476177	2.107542	-7.526447	20.398831	4.860332	24.916195	-5.709644	3.302733	-7.609058
6	-19.963821	1.486484	-8.437274	22.593358	5.156503	24.496189	-5.572378	4.296552	-6.461979
7	-20.621385	0.837758	-9.348063	25.085829	5.477829	24.036588	-5.976507	4.983586	-5.234086
8	-21.388615	0.151733	-10.16437	27.818713	5.80621	23.500852	-6.931879	5.330241	-3.989666
9	-22.157093	-0.5967	-10.767974	30.640332	6.120553	22.837133	-8.312093	5.38475	-2.815923
10	-22.823797	-1.428453	-11.082704	33.385156	6.411578	22.010804	-9.937885	5.242011	-1.778603
11	-23.244448	-2.377534	-10.969793	35.84856	6.668018	20.943304	-11.696123	4.951447	-0.966011
12	-23.390154	-3.403926	-10.503167	37.968929	6.889948	19.676426	-13.454052	4.60749	-0.346646
13	-23.196001	-4.457949	-9.700869	39.649239	7.057547	18.235519	-15.138235	4.260117	0.081364
14	-22.666811	-5.457943	-8.666025	40.876997	7.148212	16.712313	-16.704157	3.955219	0.356141
15	-21.868527	-6.339979	-7.531591	41.717209	7.154179	15.21448	-18.145409	3.716979	0.526273
16	-20.809222	-7.016491	-6.410786	42.140308	7.051679	13.868395	-19.435191	3.577994	0.602423
17	-19.598708	-7.503902	-5.388982	42.282049	6.867196	12.718722	-20.613786	3.520594	0.625829
18	-18.279469	-7.788298	-4.536355	42.175132	6.606155	11.824289	-21.681881	3.543242	0.615961
19	-16.898727	-7.894926	-3.8837	41.874781	6.287117	11.189942	-22.640659	3.632392	0.594096
20	-15.488643	-7.87124	-3.41955	41.431521	5.93731	10.778222	-23.489425	3.767293	0.567632
21	-14.055689	-7.727216	-3.189224	40.826854	5.584854	10.625927	-24.183654	3.930836	0.526449
22	-12.603485	-7.514385	-3.14417	40.088928	5.255369	10.673327	-24.73746	4.093145	0.460465
23	-11.124108	-7.252713	-3.285748	39.198745	4.969115	10.921685	-25.11777	4.232103	0.352243
24	-9.611956	-6.966291	-3.590825	38.15431	4.737212	11.348052	-25.304597	4.326254	0.188546
25	-8.067504	-6.675266	-4.021643	36.973632	4.556936	11.912751	-25.303342	4.360875	-0.031936
26	-6.48263	-6.396575	-4.569781	35.636865	4.432502	12.610852	-25.061388	4.30125	-0.321197
27	-4.863736	-6.137439	-5.174301	34.185744	4.342345	13.38512	-24.617811	4.153558	-0.663346
28	-3.205869	-5.904131	-5.789099	32.626915	4.276846	14.206866	-23.951544	3.905132	-1.062653
29	-1.510342	-5.697005	-6.354775	30.984411	4.222373	15.034321	-23.069825	3.561069	-1.516047
30	0.215353	-5.510564	-6.825386	29.289306	4.166557	15.829718	-22.002463	3.142411	-2.011677
31	1.97078	-5.342124	-7.120863	27.559229	4.101299	16.54894	-20.718589	2.655124	-2.553156
32	3.741332	-5.182367	-7.237813	25.82242	4.031058	17.196749	-19.264849	2.132947	-3.138232
33	5.51109	-5.028003	-7.143785	24.102531	3.965658	17.781905	-17.631112	1.59409	-3.788362
34	7.253583	-4.876256	-6.846591	22.436386	3.914226	18.327228	-15.834465	1.061326	-4.514154
35	8.94318	-4.725152	-6.385737	20.865108	3.877353	18.843491	-13.916371	0.554506	-5.297644
36	10.528693	-4.57386	-5.75938	19.487614	3.855291	19.304067	-11.896795	0.10342	-6.106128
37	11.997806	-4.422862	-5.027136	18.338433	3.846771	19.689997	-9.839876	-0.289703	-6.888745
38	13.306158	-4.275142	-4.207131	17.513504	3.868236	19.968275	-7.790975	-0.618811	-7.606641
39	14.421165	-4.137322	-3.329722	17.078399	3.94668	20.122596	-5.795568	-0.896583	-8.237379
40	15.334449	-4.017705	-2.426753	17.042107	4.105144	20.155242	-3.879764	-1.146984	-8.778035
41	15.972538	-3.937084	-1.526694	17.53834	4.399259	20.028249	-2.088671	-1.392671	-9.198832
42	16.372609	-3.905256	-0.659981	18.490862	4.830409	19.763681	-0.408426	-1.656473	-9.513667
43	16.507692	-3.946609	0.133644	19.950745	5.430108	19.345423	1.160005	-1.959474	-9.703882
44	16.38791	-4.075452	0.821766	21.899213	6.199271	18.775513	2.649067	-2.317476	-9.767377
45	16.055655	-4.285724	1.39702	24.255576	7.105229	18.070507	4.111843	-2.735103	-9.72178
46	15.493997	-4.581565	1.828998	27.048394	8.13972	17.208801	5.619667	-3.236369	-9.563979
47	14.77206	-4.923381	2.152329	30.134777	9.240955	16.234011	7.232019	-3.816603	-9.341373
48	13.898797	-5.282073	2.37159	33.472185	10.374452	15.159052	9.021528	-4.498667	-9.080509
49	12.897804	-5.618703	2.504543	36.98161	11.499092	14.017253	11.023983	-5.296759	-8.819636
50	11.799078	-5.900694	2.573664	40.583613	12.580829	12.842163	13.206809	-6.206719	-8.587233
51	10.597889	-6.072762	2.579377	44.237903	13.563503	11.650762	15.512177	-7.246905	-8.409879
52	9.322318	-6.122099	2.546088	47.90414	14.427915	10.459096	17.774898	-8.36657	-8.288381
53	7.969647	-6.004789	2.487649	51.572086	15.124563	9.274481	19.790281	-9.512592	-8.24392
54	6.543087	-5.694703	2.428197	55.240221	15.622203	8.102477	21.341908	-10.591164	-8.303182
55	5.051464	-5.196299	2.389998	58.906966	15.922607	6.948002	22.314042	-11.512624	-8.483501
56	3.481371	-4.470274	2.395214	62.557383	15.976463	5.83205	22.449798	-12.124496	-8.825336
57	1.84855	-3.580934	2.433022	66.168151	15.840222	4.772777	21.880026	-12.411901	-9.280438
58	0.14881	-2.555512	2.480316	69.690574	15.527644	3.817077	20.598343	-12.309595	-9.810242
59	-1.613508	-1.454867	2.491182	73.069596	15.094265	3.013603	18.736686	-11.841752	-10.336517
60	-3.426878	-0.344712	2.420961	76.27242	14.608541	2.38664	16.486463	-11.11401	-10.779105
61	-5.294831	0.709002	2.190955	79.210931	14.127634	2.014001	13.925517	-10.203137	-11.028093
62	-7.201934	1.677427	1.790254	81.907478	13.688769	1.869289	11.230005	-9.252956	-11.074844
63	-9.147887	2.537536	1.17952	84.323828	13.305992	1.984491	8.504892	-8.334685	-10.893284
64	-11.127335	3.301662	0.373764	86.455037	12.969712	2.347701	5.871455	-7.472823	-10.50714
65	-13.129923	4.006008	-0.55902	88.324308	12.664298	2.904709	3.411032	-6.650327	-9.970137
66	-15.145925	4.67789	-1.555191	89.859992	12.390767	3.642158	1.235251	-5.851735	-9.29666
67	-17.157548	5.348265	-2.520732	91.108868	12.145269	4.47031	-0.686553	-5.060965	-8.550801
68	-19.14486	6.024231	-3.372109	92.024597	11.940407	5.333761	-2.339808	-4.278839	-7.769507
69	-21.085942	6.695882	-4.050174	92.594906	11.79317	6.172919	-3.758928	-3.516896	-7.003079
70	-22.968726	7.345027	-4.548874	92.848072	11.717169	6.953478	-5.006023	-2.792182	-6.294973
71	-24.76621	7.937927	-4.836885	92.712846	11.751131	7.641775	-6.09357	-2.144921	-5.709471
72	-26.487177	8.464788	-4.983764	92.263686	11.887487	8.259466	-7.084067	-1.585646	-5.25398
73	-28.115857	8.90605	-5.024528	91.471403	12.143428	8.824986	-7.986632	-1.142099	-4.957403
74	-29.640308	9.256602	-5.013258	90.339799	12.517167	9.375117	-8.806731	-0.821497	-4.81936
75	-31.056715	9.525761	-4.995398	88.902154	12.99086	9.946463	-9.547569	-0.606188	-4.814189
76	-32.318642	9.700518	-5.008076	87.082451	13.57647	10.592511	-10.178261	-0.503047	-4.95048
77	-33.43482	9.802902	-5.064264	84.939059	14.240157	11.3397	-10.70835	-0.480131	-5.175206
78	-34.368981	9.828557	-5.174675	82.421544	14.966902	12.237678	-11.12259	-0.538365	-5.456586
79	-35.101369	9.780358	-5.342626	79.515273	15.722919	13.320499	-11.427592	-0.668774	-5.746947
80	-35.640141	9.668325	-5.56677	76.249627	16.466778	14.591693	-11.651441	-0.853462	-6.009616
81	-35.938226	9.480033	-5.856583	72.541221	17.131003	16.09939	-11.809792	-1.085839	-6.214704
82	-36.037194	9.227967	-6.186512	68.477601	17.667402	17.780442	-11.944569	-1.340049	-6.374351
83	-35.91017	8.904433	-6.540195	64.044974	17.989662	19.60382	-12.076037	-1.598187	-6.504
84	-35.55767	8.513513	-6.894001	59.295948	18.025638	21.49058	-12.214508	-1.841305	-6.630616
85	-35.013855	8.070935	-7.226387	54.336121	17.755611	23.343548	-12.35986	-2.064571	-6.779147
86	-34.271639	7.584617	-7.507416	49.251104	17.095787	25.023614	-12.506893	-2.279482	-6.992102
87	-33.409109	7.08207	-7.730787	44.18632	16.150258	26.467253	-12.64692	-2.518498	-7.290412
88	-32.462973	6.583454	-7.879126	39.273307	14.964143	27.582901	-12.772722	-2.825646	-7.706886
89	-31.480625	6.111052	-7.944478	34.636547	13.634683	28.34054	-12.882738	-3.235047	-8.243871
90	-30.494427	5.680974	-7.933598	30.341262	12.259859	28.784485	-12.978965	-3.747646	-8.872334
91	-29.515362	5.325191	-7.840356	26.553112	10.918263	28.902912	-13.053045	-4.369347	-9.572284
92	-28.539573	5.044641	-7.697625	23.230942	9.656732	28.824164	-13.100611	-5.047561	-10.289003
93	-27.564623	4.854421	-7.525094	20.458948	8.519883	28.6031	-13.11136	-5.737233	-10.97598
94	-26.593097	4.751207	-7.350887	18.251635	7.530201	28.310783	-13.08121	-6.369962	-11.58171
95	-25.631006	4.713153	-7.19755	16.547813	6.682443	28.004255	-13.009578	-6.880431	-12.072479
96	-24.692176	4.7241	-7.091049	15.429538	6.008874	27.721973	-12.862462	-7.147227	-12.389799
97	-23.783606	4.745696	-7.032087	14.75089	5.472924	27.474579	-12.610158	-7.147858	-12.56141
98	-22.921256	4.749731	-7.023512	14.508007	5.082414	27.260068	-12.179066	-6.799633	-12.581625
99	-22.120995	4.709713	-7.055889	14.643833	4.829313	27.055578	-11.514588	-6.070418	-12.45804
100	-21.398034	4.612008	-7.119602	15.076327	4.693011	26.833533	-10.623124	-5.000609	-12.202829
