Time	Hip_Z	Hip_X	Hip_Y	Knee_Z	Knee_X	Knee_Y	Ankle_Z	Ankle_X	Ankle_Y
0	-16.214165	2.464292	-3.317119	6.935804	5.237777	26.391531	-11.323716	-4.553799	-19.468385
1	-16.553832	2.200945	-3.982827	8.703767	5.81	25.97994	-9.788772	-3.869771	-18.804488
2	-17.193871	1.912096	-4.7788	10.858306	6.423795	25.490807	-8.334889	-3.087579	-18.014607
3	-18.215651	1.587368	-5.696443	13.506109	7.072144	24.920291	-7.283577	-2.264435	-17.118835
4	-19.503312	1.237122	-6.667248	16.537767	7.732122	24.307326	-6.738166	-1.468737	-16.180518
5	-20.9951	0.863989	-7.614484	19.987006	8.363648	23.648904	-6.932932	-0.752681	-15.229262
6	-22.497847	0.475798	-8.448148	23.670806	8.920611	22.942774	-7.720168	-0.109961	-14.293136
7	-23.79947	0.065116	-9.019918	27.451588	9.322691	22.162633	-9.147381	0.452416	-13.413848
8	-24.801734	-0.361439	-9.315514	31.122929	9.581562	21.332679	-10.954737	0.957323	-12.624073
9	-25.354112	-0.784082	-9.254792	34.435146	9.69167	20.485636	-13.036895	1.387118	-12.006947
10	-25.551459	-1.175733	-8.951704	37.323747	9.726531	19.671397	-15.184968	1.753538	-11.5558
11	-25.364079	-1.501549	-8.444853	39.590735	9.724106	18.956975	-17.267747	2.038719	-11.306929
12	-24.927109	-1.766767	-7.862792	41.338853	9.732006	18.364722	-19.219421	2.256576	-11.20089
13	-24.240754	-1.965497	-7.279579	42.467068	9.769522	17.954946	-20.951874	2.398661	-11.226771
14	-23.387526	-2.125819	-6.746427	43.143547	9.811086	17.69416	-22.489	2.49689	-11.304949
15	-22.342419	-2.25982	-6.302848	43.319836	9.814566	17.601524	-23.786361	2.560657	-11.391583
16	-21.147851	-2.390087	-5.92679	43.144087	9.759337	17.614992	-24.904352	2.604058	-11.460045
17	-19.771977	-2.5326	-5.601147	42.57633	9.610421	17.70393	-25.806257	2.614859	-11.494358
18	-18.26182	-2.692327	-5.282087	41.723573	9.381181	17.797436	-26.528769	2.585501	-11.499719
19	-16.610836	-2.875045	-4.937234	40.540848	9.066192	17.831524	-27.002632	2.480096	-11.481805
20	-14.877513	-3.073632	-4.552947	39.115379	8.71136	17.781507	-27.253425	2.290866	-11.466295
21	-13.086023	-3.284666	-4.106979	37.423502	8.354923	17.607328	-27.197973	1.973511	-11.482254
22	-11.285765	-3.497177	-3.609643	35.557995	8.036638	17.341515	-26.88011	1.544546	-11.545739
23	-9.516273	-3.697513	-3.054028	33.534069	7.806588	17.005197	-26.219478	0.982618	-11.700352
24	-7.791933	-3.873713	-2.456121	31.431332	7.658742	16.658011	-25.280711	0.331078	-11.949231
25	-6.127163	-3.996584	-1.804547	29.282544	7.591567	16.349963	-24.003381	-0.401594	-12.332345
26	-4.498597	-4.057282	-1.106223	27.130644	7.554731	16.106766	-22.470955	-1.174392	-12.831267
27	-2.887583	-4.019895	-0.343098	25.008847	7.507094	15.969398	-20.647279	-1.973348	-13.479066
28	-1.264159	-3.890797	0.475173	22.933971	7.413931	15.922626	-18.613948	-2.777925	-14.240241
29	0.406101	-3.63557	1.358248	20.939689	7.226598	15.980999	-16.345208	-3.575493	-15.120283
30	2.131271	-3.276398	2.2829	19.022992	6.945012	16.111272	-13.909237	-4.361442	-16.069906
31	3.933262	-2.793896	3.236731	17.212999	6.537647	16.30835	-11.291575	-5.131709	-17.063303
32	5.793906	-2.226615	4.188542	15.492805	6.033208	16.532882	-8.54976	-5.89128	-18.044741
33	7.709649	-1.586951	5.097507	13.889067	5.432557	16.75745	-5.682063	-6.641246	-18.948513
34	9.643595	-0.926542	5.9399	12.383248	4.792224	16.962492	-2.742769	-7.385341	-19.751942
35	11.553423	-0.292053	6.669158	11.014534	4.164853	17.134714	0.240281	-8.118986	-20.408209
36	13.402891	0.283024	7.292237	9.777717	3.59984	17.285206	3.214395	-8.837621	-20.944181
37	15.126504	0.742883	7.771638	8.752611	3.171244	17.424356	6.109349	-9.528765	-21.334327
38	16.709883	1.085098	8.132642	7.950515	2.89068	17.56735	8.878507	-10.194199	-21.610284
39	18.073932	1.264134	8.347283	7.513628	2.831187	17.72699	11.405688	-10.830605	-21.744469
40	19.232578	1.311519	8.448043	7.444627	2.96954	17.908203	13.672056	-11.450421	-21.767902
41	20.106499	1.206274	8.408003	7.926158	3.372704	18.124902	15.537748	-12.052331	-21.664623
42	20.739199	0.996531	8.258166	8.907846	3.995701	18.369718	17.032924	-12.631356	-21.479936
43	21.066828	0.690948	7.988476	10.558609	4.892786	18.630691	18.015435	-13.159635	-21.237724
44	21.152689	0.345886	7.649696	12.753599	5.999418	18.871041	18.553362	-13.628132	-20.99305
45	20.943972	0.008279	7.278296	15.603616	7.339966	19.011781	18.505453	-13.998766	-20.794693
46	20.505537	-0.278219	6.932622	18.935159	8.834284	18.998187	17.990554	-14.273154	-20.660194
47	19.779312	-0.455914	6.681663	22.791447	10.464792	18.698807	16.953291	-14.407386	-20.61149
48	18.818956	-0.521131	6.5495	26.99496	12.150154	18.110805	15.588277	-14.419163	-20.61239
49	17.565344	-0.431518	6.607169	31.530184	13.83276	17.12536	13.959408	-14.283319	-20.628387
50	16.082064	-0.223511	6.834439	36.243877	15.464665	15.827292	12.234318	-14.050029	-20.620668
51	14.322201	0.10106	7.265296	41.074397	16.992068	14.189789	10.501332	-13.731374	-20.559901
52	12.349241	0.485011	7.834072	45.921939	18.415064	12.343165	8.823567	-13.367635	-20.456701
53	10.119859	0.89991	8.525847	50.712441	19.692224	10.328369	7.257896	-12.95744	-20.31703
54	7.703471	1.307982	9.265501	55.404753	20.843359	8.255295	5.797926	-12.504488	-20.162697
55	5.111208	1.675443	9.985968	59.916056	21.828676	6.200173	4.467797	-11.977226	-20.003547
56	2.452205	1.988623	10.619401	64.23803	22.678384	4.223183	3.224576	-11.372329	-19.847459
57	-0.174483	2.208373	11.052563	68.273162	23.359947	2.401449	2.054789	-10.658881	-19.69319
58	-2.68861	2.336824	11.26565	72.04762	23.906029	0.73294	0.913057	-9.860007	-19.53241
59	-4.993519	2.346849	11.175193	75.473429	24.282504	-0.722548	-0.228075	-8.96745	-19.367519
60	-7.115724	2.274221	10.859826	78.613212	24.541175	-1.995795	-1.387929	-8.018983	-19.226706
61	-9.046195	2.136861	10.328599	81.398859	24.688928	-3.035708	-2.57381	-7.03678	-19.155735
62	-10.88014	1.993189	9.686656	83.906186	24.766247	-3.88893	-3.766051	-6.067814	-19.144545
63	-12.671567	1.904827	8.970423	86.064205	24.76274	-4.506059	-4.9362	-5.174376	-19.17279
64	-14.474225	1.90179	8.223608	87.932333	24.699577	-4.924736	-6.072752	-4.374842	-19.201613
65	-16.312361	2.03316	7.438683	89.416192	24.576588	-5.072597	-7.167436	-3.703287	-19.204757
66	-18.175052	2.278674	6.604876	90.57486	24.423957	-4.981961	-8.236183	-3.127346	-19.171072
67	-20.047168	2.655637	5.676313	91.313821	24.261839	-4.568345	-9.283336	-2.649922	-19.079949
68	-21.907113	3.118676	4.649108	91.715097	24.109127	-3.882153	-10.318174	-2.230828	-18.940744
69	-23.730466	3.660032	3.487958	91.700259	23.965304	-2.848718	-11.326306	-1.854677	-18.738677
70	-25.509385	4.240787	2.227297	91.361498	23.810739	-1.545238	-12.289975	-1.488746	-18.478523
71	-27.214391	4.841623	0.872621	90.635516	23.616913	0.058131	-13.176482	-1.124794	-18.131576
72	-28.84734	5.435778	-0.523601	89.617183	23.376216	1.852699	-14.000076	-0.77081	-17.710446
73	-30.370037	5.997916	-1.929366	88.252695	23.066796	3.814778	-14.750066	-0.444658	-17.208707
74	-31.782332	6.519736	-3.31741	86.622501	22.704096	5.856035	-15.4443	-0.150244	-16.667676
75	-33.027298	6.976305	-4.66495	84.669951	22.297685	7.936125	-16.073146	0.095171	-16.134329
76	-34.112415	7.369887	-5.971851	82.461833	21.881364	10.009073	-16.650629	0.295279	-15.660199
77	-34.959077	7.672693	-7.220367	79.926486	21.468658	12.039755	-17.158313	0.432615	-15.309639
78	-35.583629	7.893047	-8.412201	77.118068	21.055937	14.014837	-17.604194	0.513037	-15.078193
79	-35.894996	7.996674	-9.510627	73.950361	20.621293	15.895992	-17.974284	0.506773	-14.994527
80	-35.931819	7.996453	-10.507911	70.480315	20.142186	17.684385	-18.293737	0.414724	-15.01281
81	-35.60999	7.855339	-11.34	66.619144	19.574826	19.337862	-18.557618	0.202261	-15.131899
82	-35.00364	7.595571	-12.012688	62.442561	18.922144	20.871182	-18.77064	-0.104408	-15.315274
83	-34.070113	7.191354	-12.468983	57.885575	18.16639	22.24914	-18.898349	-0.50864	-15.567815
84	-32.919227	6.688511	-12.757254	53.053839	17.345121	23.510645	-18.938925	-0.967172	-15.875069
85	-31.571298	6.102599	-12.867721	47.948434	16.469202	24.654765	-18.854382	-1.463424	-16.25937
86	-30.125317	5.488948	-12.873209	42.70183	15.56412	25.738039	-18.664881	-1.972133	-16.709844
87	-28.621341	4.886028	-12.795043	37.404095	14.62458	26.784569	-18.351291	-2.484312	-17.230991
88	-27.115613	4.317544	-12.673561	32.18411	13.652244	27.811123	-17.95654	-2.99259	-17.779997
89	-25.655324	3.805485	-12.493748	27.225243	12.631653	28.776068	-17.502214	-3.479525	-18.309227
90	-24.26263	3.338626	-12.243111	22.604451	11.56987	29.632571	-17.040587	-3.925428	-18.783803
91	-22.984816	2.920982	-11.86193	18.548713	10.467665	30.262009	-16.619582	-4.285926	-19.157809
92	-21.818525	2.537364	-11.35271	15.035388	9.35867	30.649869	-16.267676	-4.560474	-19.435827
93	-20.805574	2.194183	-10.693593	12.263374	8.294413	30.714947	-16.04147	-4.734575	-19.598464
94	-19.9158	1.883268	-9.958718	10.0954	7.317789	30.554607	-15.930136	-4.849867	-19.694845
95	-19.168947	1.609751	-9.224991	8.644225	6.515657	30.211222	-15.931885	-4.91578	-19.757639
96	-18.521721	1.361325	-8.57874	7.705738	5.891608	29.815794	-15.960148	-4.947129	-19.82499
97	-17.978208	1.136666	-8.128994	7.310312	5.508776	29.448893	-15.898831	-4.917088	-19.901175
98	-17.506662	0.924433	-7.870041	7.274963	5.312248	29.136049	-15.651888	-4.800827	-19.956142
99	-17.127654	0.717361	-7.836728	7.624496	5.317919	28.860972	-15.034733	-4.502223	-19.920334
100	-16.843837	0.505056	-7.949846	8.257958	5.454348	28.561095	-14.042009	-3.994398	-19.757414
