Time	Hip_Z	Hip_X	Hip_Y	Knee_Z	Knee_X	Knee_Y	Ankle_Z	Ankle_X	Ankle_Y
0	-24.719058	-4.268332	-9.361561	16.456681	2.027393	21.001349	-8.374764	0.512124	-7.657281
1	-25.15223	-4.494381	-9.905822	18.679357	1.959779	20.233183	-7.026364	1.757262	-6.444999
2	-25.776132	-4.795889	-10.31528	21.34684	1.889157	19.21198	-6.010158	3.014083	-5.148307
3	-26.595741	-5.200848	-10.556864	24.446665	1.854708	18.027578	-5.563048	4.148256	-3.894875
4	-27.545098	-5.714783	-10.625531	27.863232	1.905562	16.791222	-5.775091	5.055482	-2.795294
5	-28.535694	-6.33438	-10.515142	31.468324	2.062899	15.543901	-6.63161	5.689995	-1.888072
6	-29.437624	-7.051809	-10.199397	35.080842	2.316839	14.299492	-8.079858	6.031076	-1.196834
7	-30.148636	-7.821618	-9.715784	38.509262	2.60934	13.0869	-9.891703	6.165512	-0.690769
8	-30.53365	-8.587754	-9.105352	41.512569	2.886302	11.992839	-11.918479	6.145063	-0.38722
9	-30.583793	-9.280252	-8.486278	44.00716	3.102301	11.098849	-13.974773	6.060851	-0.233166
10	-30.286893	-9.840578	-7.957453	45.920825	3.222864	10.485209	-15.955785	5.965297	-0.194533
11	-29.682051	-10.242911	-7.584653	47.270643	3.233765	10.17465	-17.788593	5.902998	-0.229617
12	-28.832105	-10.508116	-7.362547	48.140278	3.149193	10.114847	-19.452055	5.886817	-0.31116
13	-27.741113	-10.650674	-7.277753	48.512783	2.978087	10.264343	-20.902468	5.918	-0.43384
14	-26.467554	-10.721344	-7.268369	48.490818	2.755471	10.515825	-22.164946	5.97519	-0.586457
15	-25.014641	-10.743845	-7.306422	48.050818	2.503832	10.803356	-23.215278	6.035762	-0.760721
16	-23.425488	-10.751777	-7.366011	47.24873	2.267129	11.059963	-24.065403	6.062999	-0.941267
17	-21.728563	-10.764025	-7.43711	46.109392	2.088075	11.249552	-24.703699	6.022882	-1.124421
18	-19.948987	-10.786818	-7.515824	44.648723	2.007315	11.358709	-25.096331	5.879185	-1.318839
19	-18.113626	-10.81327	-7.598705	42.929273	2.02564	11.40888	-25.250972	5.626062	-1.536091
20	-16.224448	-10.831208	-7.678505	40.938515	2.155378	11.421127	-25.100359	5.236724	-1.800602
21	-14.288423	-10.833238	-7.742791	38.739736	2.370314	11.434272	-24.656211	4.736884	-2.122278
22	-12.295796	-10.814555	-7.77401	36.34188	2.664473	11.483521	-23.85856	4.136453	-2.514358
23	-10.24982	-10.772508	-7.757763	33.791941	3.016438	11.610234	-22.689664	3.470233	-2.980057
24	-8.165142	-10.701768	-7.683378	31.143533	3.400846	11.843582	-21.157842	2.771218	-3.521299
25	-6.060512	-10.589267	-7.526674	28.454261	3.780818	12.211605	-19.241268	2.07219	-4.143209
26	-3.957736	-10.432655	-7.284726	25.785665	4.119689	12.686806	-17.022325	1.398299	-4.823778
27	-1.876636	-10.219894	-6.940692	23.199639	4.379769	13.259958	-14.512903	0.77009	-5.558348
28	0.171582	-9.955957	-6.51442	20.734924	4.553453	13.891517	-11.811131	0.186323	-6.327331
29	2.177879	-9.642959	-6.014583	18.42992	4.634687	14.541222	-8.981541	-0.359143	-7.108393
30	4.134143	-9.291662	-5.445482	16.321145	4.632507	15.135063	-6.1088	-0.879402	-7.857781
31	6.035716	-8.919471	-4.808479	14.422088	4.573886	15.599782	-3.275205	-1.38275	-8.530373
32	7.852849	-8.543244	-4.080931	12.815453	4.487189	15.815273	-0.596109	-1.858848	-9.049809
33	9.573201	-8.187035	-3.289355	11.500524	4.418718	15.778749	1.866645	-2.29157	-9.401634
34	11.155821	-7.887675	-2.473244	10.556526	4.419176	15.485652	4.013462	-2.649345	-9.558892
35	12.576467	-7.681542	-1.693538	10.014398	4.527296	15.02628	5.801408	-2.915326	-9.557888
36	13.805913	-7.598939	-0.998085	9.920601	4.76603	14.490593	7.197877	-3.08437	-9.441629
37	14.79601	-7.673337	-0.436048	10.364948	5.155384	13.97118	8.147268	-3.15938	-9.256984
38	15.557992	-7.88875	-0.00733	11.317271	5.672603	13.517472	8.692658	-3.169689	-9.052438
39	16.057853	-8.24283	0.28001	12.869782	6.318207	13.152383	8.785764	-3.135472	-8.860589
40	16.350452	-8.670437	0.487525	14.924947	7.051825	12.828641	8.533026	-3.095382	-8.696756
41	16.445859	-9.115279	0.672872	17.478726	7.857218	12.483349	7.981376	-3.081195	-8.569947
42	16.368672	-9.510032	0.909725	20.46933	8.71085	12.03447	7.22778	-3.120426	-8.484524
43	16.140509	-9.819628	1.236502	23.819523	9.592486	11.432083	6.361467	-3.219542	-8.441869
44	15.75457	-10.021125	1.66745	27.50115	10.483869	10.630397	5.452932	-3.375473	-8.452357
45	15.243483	-10.142351	2.152307	31.40382	11.365763	9.67904	4.565551	-3.558107	-8.512454
46	14.599617	-10.20205	2.626523	35.481424	12.227402	8.633392	3.756275	-3.746957	-8.633762
47	13.835856	-10.235099	3.009282	39.64866	13.07614	7.604376	3.06174	-3.931691	-8.811371
48	12.942835	-10.253379	3.24123	43.858497	13.923076	6.672963	2.510989	-4.11979	-9.034999
49	11.904241	-10.242808	3.296615	48.077477	14.772466	5.882561	2.118762	-4.330288	-9.272016
50	10.727321	-10.174073	3.219311	52.292817	15.609342	5.200162	1.858833	-4.569441	-9.48018
51	9.383728	-9.97881	3.063175	56.50093	16.377517	4.570588	1.727275	-4.824963	-9.59134
52	7.905681	-9.629213	2.924108	60.701046	17.014058	3.910344	1.669652	-5.045697	-9.563384
53	6.293773	-9.078755	2.878525	64.882639	17.416761	3.164627	1.647871	-5.150775	-9.326939
54	4.57708	-8.342174	2.960195	69.018346	17.518187	2.337931	1.602569	-5.055425	-8.846865
55	2.780533	-7.472096	3.141868	73.067651	17.307559	1.490703	1.484087	-4.707288	-8.117362
56	0.916963	-6.554442	3.338509	76.9635	16.814681	0.736473	1.238426	-4.064496	-7.154427
57	-0.997552	-5.681697	3.448097	80.683155	16.16975	0.154465	0.860581	-3.1931	-6.061215
58	-2.973812	-4.938906	3.350414	84.168304	15.480643	-0.164113	0.32628	-2.144046	-4.9376
59	-5.016456	-4.343082	3.004461	87.431094	14.860321	-0.237599	-0.336003	-1.052494	-3.910319
60	-7.144019	-3.890398	2.379933	90.451094	14.381353	-0.080142	-1.112112	-0.029742	-3.093448
61	-9.374521	-3.532116	1.505986	93.216269	14.073879	0.252412	-1.964199	0.825946	-2.572652
62	-11.707361	-3.20681	0.46012	95.729998	13.912448	0.692995	-2.844931	1.484823	-2.350398
63	-14.146285	-2.854629	-0.679616	97.928211	13.870526	1.191965	-3.704002	1.914908	-2.440793
64	-16.653421	-2.443224	-1.810148	99.828411	13.88429	1.698068	-4.508465	2.179924	-2.742394
65	-19.204313	-1.954222	-2.840713	101.362345	13.919574	2.178271	-5.227842	2.319603	-3.201491
66	-21.761825	-1.413961	-3.705387	102.528281	13.951105	2.607621	-5.860383	2.402815	-3.721224
67	-24.300257	-0.863113	-4.368213	103.3053	13.973899	2.973398	-6.409232	2.457778	-4.234886
68	-26.793057	-0.357974	-4.820242	103.659076	13.99493	3.279026	-6.877588	2.489046	-4.68048
69	-29.222755	0.065123	-5.114222	103.632999	14.028547	3.551339	-7.283038	2.494693	-5.030446
70	-31.545482	0.357346	-5.280971	103.169222	14.097268	3.821323	-7.634897	2.464503	-5.240274
71	-33.747309	0.528516	-5.391	102.344074	14.207438	4.123926	-7.965527	2.40422	-5.320344
72	-35.790645	0.581613	-5.480554	101.143641	14.367802	4.494314	-8.297544	2.319848	-5.271194
73	-37.654486	0.55019	-5.578766	99.599644	14.579274	4.960502	-8.64851	2.223089	-5.131112
74	-39.328777	0.467624	-5.696951	97.743342	14.837293	5.539313	-9.022018	2.120162	-4.940007
75	-40.773496	0.362774	-5.844676	95.558001	15.133969	6.265918	-9.418056	2.012669	-4.728787
76	-41.997673	0.261798	-6.023254	93.092506	15.444934	7.139785	-9.830091	1.899733	-4.517838
77	-42.945313	0.182765	-6.237783	90.305535	15.743135	8.192927	-10.255147	1.775648	-4.319485
78	-43.629688	0.126621	-6.47888	87.224119	16.00001	9.397093	-10.680069	1.641506	-4.144545
79	-44.033728	0.082083	-6.739421	83.828993	16.187096	10.729474	-11.09092	1.504393	-4.003567
80	-44.147693	0.022226	-7.00926	80.104685	16.273174	12.144062	-11.478156	1.374849	-3.903836
81	-43.995404	-0.073683	-7.280707	76.076521	16.243362	13.590291	-11.841311	1.260495	-3.845743
82	-43.535775	-0.232204	-7.545899	71.700664	16.053046	15.01401	-12.174021	1.169685	-3.846859
83	-42.82305	-0.456666	-7.796206	67.04364	15.713767	16.362703	-12.474377	1.093522	-3.920533
84	-41.847695	-0.760519	-8.013806	62.100846	15.203998	17.567917	-12.723362	1.018272	-4.103113
85	-40.656443	-1.132572	-8.178196	56.93575	14.528818	18.583798	-12.905468	0.923776	-4.402277
86	-39.288994	-1.555547	-8.265964	51.615179	13.68517	19.373564	-13.012891	0.793047	-4.817789
87	-37.788072	-2.00183	-8.24078	46.237656	12.666801	19.891332	-13.045519	0.604397	-5.356061
88	-36.216022	-2.43876	-8.095999	40.915009	11.511769	20.168394	-13.027157	0.352846	-5.992968
89	-34.616854	-2.829785	-7.806853	35.787077	10.236035	20.203634	-12.975247	0.02547	-6.720832
90	-33.040961	-3.157056	-7.412276	30.938629	8.904534	20.094004	-12.91386	-0.361074	-7.507396
91	-31.531261	-3.406955	-6.948797	26.488877	7.569007	19.906788	-12.85318	-0.801212	-8.332327
92	-30.133022	-3.584142	-6.486823	22.541758	6.292864	19.727809	-12.79822	-1.27275	-9.151032
93	-28.877287	-3.703449	-6.08926	19.15509	5.121763	19.612883	-12.745533	-1.73486	-9.908101
94	-27.818265	-3.776023	-5.833193	16.488876	4.117218	19.603207	-12.676916	-2.101648	-10.497737
95	-26.945628	-3.821587	-5.738375	14.491202	3.279001	19.675677	-12.56213	-2.301431	-10.850492
96	-26.286949	-3.847063	-5.841015	13.261304	2.630106	19.796687	-12.330935	-2.233873	-10.859211
97	-25.814024	-3.864085	-6.105856	12.707419	2.131895	19.893463	-11.902341	-1.876161	-10.533961
98	-25.517766	-3.885102	-6.497348	12.80557	1.755739	19.897695	-11.18589	-1.204824	-9.899488
99	-25.395659	-3.928909	-6.967462	13.535838	1.468972	19.747609	-10.120403	-0.209795	-9.017708
100	-25.435483	-4.011873	-7.472553	14.806506	1.242399	19.43976	-8.793301	1.046172	-7.979678
