Time	Hip_Z	Hip_X	Hip_Y	Knee_Z	Knee_X	Knee_Y	Ankle_Z	Ankle_X	Ankle_Y
0	-22.470562	-1.215181	-12.494764	10.443129	3.640314	38.128473	-9.363224	-11.966508	-21.600548
1	-22.36991	-1.273316	-12.215507	11.634405	4.274191	37.812205	-8.66783	-10.571895	-21.301429
2	-22.366644	-1.340728	-11.958825	13.029025	4.981822	37.384555	-7.810464	-8.763991	-20.848586
3	-22.494309	-1.421705	-11.755051	14.641086	5.717472	36.801278	-6.875906	-6.576742	-20.222373
4	-22.789929	-1.524109	-11.636178	16.483527	6.447704	36.036148	-5.994892	-4.143598	-19.403311
5	-23.262299	-1.657803	-11.607145	18.541592	7.171415	35.107849	-5.288576	-1.669694	-18.401368
6	-23.957705	-1.852292	-11.668893	20.858864	7.927445	34.009981	-4.939794	0.5934	-17.199675
7	-24.826643	-2.124272	-11.762169	23.377636	8.770375	32.808607	-4.995292	2.468709	-15.895957
8	-25.819433	-2.500549	-11.813674	26.046196	9.763718	31.559967	-5.503302	3.811483	-14.622218
9	-26.845537	-3.005935	-11.72447	28.77312	10.948314	30.312699	-6.45912	4.552396	-13.547744
10	-27.795282	-3.62335	-11.440278	31.44477	12.267107	29.074798	-7.717536	4.843133	-12.733308
11	-28.532784	-4.346973	-10.88144	33.92623	13.643234	27.832229	-9.196335	4.764024	-12.223377
12	-28.987649	-5.122362	-10.076674	36.137129	14.963082	26.585462	-10.75978	4.494533	-11.933151
13	-29.118549	-5.888175	-9.084126	38.018491	16.137135	25.370381	-12.32022	4.149236	-11.780763
14	-28.877698	-6.56823	-7.982782	39.489574	17.076805	24.271638	-13.811805	3.805381	-11.701201
15	-28.351614	-7.130936	-6.874102	40.612253	17.798364	23.337298	-15.220315	3.502214	-11.639645
16	-27.559055	-7.545502	-5.818667	41.365319	18.289702	22.628572	-16.533319	3.257429	-11.582613
17	-26.571341	-7.827981	-4.846729	41.799427	18.595289	22.145982	-17.761059	3.062411	-11.531239
18	-25.449444	-8.005847	-3.968722	41.966884	18.760495	21.8694	-18.909768	2.898386	-11.490276
19	-24.214727	-8.082268	-3.217259	41.849853	18.791867	21.82486	-19.948088	2.746712	-11.467479
20	-22.90945	-8.089423	-2.577899	41.517648	18.732717	21.96162	-20.870625	2.58344	-11.466192
21	-21.530739	-8.029601	-2.064502	40.96033	18.587848	22.289691	-21.63308	2.383963	-11.500735
22	-20.073442	-7.908461	-1.674855	40.189122	18.367236	22.797052	-22.198548	2.128038	-11.588663
23	-18.539974	-7.735744	-1.387896	39.240596	18.084388	23.445477	-22.55607	1.810931	-11.740258
24	-16.91241	-7.50551	-1.203371	38.108086	17.731117	24.220239	-22.634151	1.41579	-11.979092
25	-15.208732	-7.230661	-1.082589	36.850951	17.322994	25.057412	-22.465101	0.952088	-12.2912
26	-13.433091	-6.912888	-1.000458	35.494889	16.865389	25.916337	-22.037659	0.411224	-12.676665
27	-11.593044	-6.555147	-0.918977	34.070316	16.368865	26.750807	-21.348129	-0.215012	-13.134
28	-9.705941	-6.168123	-0.797542	32.613864	15.852394	27.523132	-20.438159	-0.915991	-13.647313
29	-7.773654	-5.754437	-0.57645	31.147476	15.32921	28.173806	-19.279517	-1.698107	-14.211394
30	-5.809606	-5.322234	-0.223313	29.691622	14.812276	28.678931	-17.909784	-2.541013	-14.802478
31	-3.821453	-4.872382	0.293599	28.261473	14.309654	29.014517	-16.339652	-3.428	-15.402933
32	-1.817672	-4.398271	1.008835	26.877597	13.826558	29.152226	-14.563415	-4.336942	-15.995602
33	0.185538	-3.897415	1.883834	25.551841	13.358762	29.127289	-12.629164	-5.238003	-16.564397
34	2.164242	-3.362597	2.899671	24.321881	12.904883	28.935174	-10.540583	-6.098574	-17.078646
35	4.088963	-2.800533	3.987637	23.218439	12.465695	28.607224	-8.339795	-6.893892	-17.512015
36	5.928167	-2.227532	5.079743	22.275873	12.053844	28.169077	-6.069533	-7.609687	-17.843186
37	7.625292	-1.67559	6.09572	21.573226	11.709721	27.627768	-3.769614	-8.226608	-18.029204
38	9.173352	-1.177747	6.986536	21.110478	11.465357	27.025208	-1.486992	-8.767897	-18.080148
39	10.529571	-0.782785	7.682998	20.949859	11.387214	26.385964	0.734828	-9.240142	-17.98203
40	11.676007	-0.527407	8.149305	21.113503	11.524957	25.743149	2.857671	-9.662696	-17.754535
41	12.615807	-0.419394	8.396912	21.589921	11.890952	25.115297	4.858915	-10.055963	-17.43265
42	13.289077	-0.489038	8.409096	22.46316	12.546167	24.499842	6.67685	-10.429135	-17.029543
43	13.734615	-0.683437	8.278161	23.673945	13.428211	23.866862	8.317867	-10.791659	-16.584012
44	13.931586	-0.972431	8.061221	25.252561	14.521869	23.171025	9.74542	-11.139782	-16.111399
45	13.87393	-1.307456	7.830891	27.205723	15.78275	22.361322	10.930305	-11.461059	-15.625872
46	13.598221	-1.641184	7.646276	29.475387	17.14275	21.41749	11.881867	-11.743743	-15.140523
47	13.078703	-1.93709	7.566765	32.086947	18.570266	20.296429	12.535471	-11.9609	-14.670625
48	12.361878	-2.183889	7.600128	34.955526	20.027907	19.028873	12.916683	-12.103543	-14.22926
49	11.457775	-2.377427	7.748409	38.039331	21.503876	17.636348	13.018324	-12.153534	-13.831838
50	10.365802	-2.518644	8.005718	41.298504	22.998621	16.142668	12.836105	-12.08737	-13.492291
51	9.123205	-2.6239	8.334012	44.658473	24.515728	14.592033	12.445572	-11.913282	-13.203506
52	7.715284	-2.699626	8.70615	48.08317	26.06635	13.006801	11.872146	-11.614798	-12.965723
53	6.159734	-2.756157	9.07748	51.531866	27.64349	11.410163	11.185464	-11.208647	-12.761261
54	4.461337	-2.793893	9.411589	54.984935	29.224642	9.812803	10.431583	-10.705161	-12.572467
55	2.598749	-2.79704	9.667484	58.431816	30.763664	8.225734	9.637051	-10.096987	-12.382012
56	0.598215	-2.7492	9.836788	61.865277	32.218945	6.663706	8.826096	-9.404961	-12.179193
57	-1.553158	-2.611886	9.895411	65.268817	33.528287	5.158502	8.003791	-8.622513	-11.958951
58	-3.83733	-2.358908	9.841202	68.620967	34.655932	3.739457	7.16913	-7.757776	-11.724691
59	-6.22258	-1.984233	9.684459	71.89711	35.593938	2.42321	6.31689	-6.825787	-11.483978
60	-8.687144	-1.471174	9.414938	75.03245	36.299883	1.245837	5.436235	-5.835279	-11.247346
61	-11.173846	-0.877639	9.067421	78.004595	36.831849	0.178122	4.533709	-4.825505	-11.025703
62	-13.641297	-0.257442	8.655003	80.747881	37.205359	-0.791871	3.620217	-3.83257	-10.833348
63	-16.053554	0.312285	8.188754	83.212658	37.456906	-1.682241	2.717025	-2.899968	-10.682883
64	-18.395961	0.779391	7.663449	85.394808	37.627726	-2.494402	1.84365	-2.057411	-10.576308
65	-20.638411	1.094089	7.034805	87.205704	37.71835	-3.169347	1.028689	-1.356414	-10.520633
66	-22.788755	1.290337	6.294683	88.678983	37.738694	-3.679885	0.278227	-0.791038	-10.500265
67	-24.847375	1.398754	5.433385	89.786914	37.676573	-3.98083	-0.396261	-0.366925	-10.508235
68	-26.820167	1.460813	4.463869	90.49996	37.519603	-4.039127	-0.98809	-0.079477	-10.540974
69	-28.723102	1.517402	3.43568	90.866626	37.279808	-3.887487	-1.512242	0.107856	-10.593137
70	-30.537142	1.592261	2.390368	90.824572	36.954238	-3.506493	-1.966767	0.203749	-10.667578
71	-32.257425	1.689561	1.375381	90.409106	36.572637	-2.939581	-2.36872	0.238053	-10.765586
72	-33.867971	1.79962	0.427597	89.61467	36.161674	-2.209095	-2.728207	0.2272	-10.894583
73	-35.335104	1.90083	-0.416149	88.385143	35.744622	-1.314763	-3.050708	0.180823	-11.06579
74	-36.664714	1.972884	-1.162449	86.779014	35.33698	-0.28806	-3.349614	0.113396	-11.273936
75	-37.823645	1.992978	-1.805821	84.740362	34.944718	0.895986	-3.626096	0.027088	-11.515277
76	-38.808079	1.95383	-2.372171	82.293141	34.564319	2.246703	-3.880741	-0.077403	-11.774878
77	-39.612615	1.858212	-2.891396	79.463721	34.187306	3.780049	-4.112961	-0.205359	-12.041805
78	-40.178566	1.707697	-3.390867	76.188706	33.790738	5.569981	-4.317116	-0.374504	-12.306252
79	-40.521106	1.528369	-3.900244	72.551631	33.34453	7.6058	-4.495725	-0.585953	-12.561261
80	-40.592159	1.336554	-4.436315	68.529878	32.795768	9.934585	-4.647244	-0.845287	-12.806365
81	-40.380954	1.150846	-5.005503	64.158587	32.092106	12.553323	-4.781351	-1.148184	-13.054129
82	-39.916562	0.983848	-5.604809	59.517798	31.201618	15.408746	-4.913707	-1.485012	-13.32196
83	-39.164752	0.849819	-6.234226	54.639762	30.027369	18.475734	-5.066587	-1.859373	-13.632098
84	-38.197409	0.746443	-6.88048	49.657786	28.578143	21.625684	-5.255788	-2.268587	-13.988502
85	-37.031371	0.672709	-7.533157	44.672615	26.822523	24.745234	-5.496487	-2.724905	-14.409254
86	-35.697308	0.619964	-8.174316	39.800201	24.767924	27.694587	-5.791638	-3.246233	-14.918802
87	-34.250855	0.572423	-8.783529	35.114583	22.497727	30.382865	-6.125834	-3.843267	-15.523812
88	-32.715151	0.513425	-9.323692	30.729785	20.061259	32.66021	-6.493507	-4.555889	-16.248003
89	-31.14181	0.431593	-9.774274	26.662225	17.569899	34.519629	-6.883545	-5.38691	-17.065233
90	-29.572165	0.321425	-10.109061	22.954532	15.114138	35.940582	-7.290788	-6.334524	-17.951594
91	-28.052102	0.186108	-10.299683	19.678291	12.793025	36.908488	-7.706321	-7.375738	-18.878754
92	-26.608096	0.042593	-10.36725	16.800361	10.654265	37.541487	-8.115133	-8.443771	-19.804039
93	-25.28132	-0.092407	-10.313082	14.409686	8.780869	37.871221	-8.496224	-9.45975	-20.670015
94	-24.08401	-0.207403	-10.174571	12.491519	7.190524	38.003299	-8.830923	-10.342391	-21.423289
95	-23.024722	-0.300379	-9.984228	11.036918	5.896286	38.022333	-9.103019	-11.025193	-22.025012
96	-22.134539	-0.375423	-9.766253	10.111563	4.961864	37.992387	-9.281817	-11.412035	-22.420874
97	-21.388384	-0.447097	-9.546409	9.608822	4.333891	37.970608	-9.362282	-11.513035	-22.633948
98	-20.799635	-0.529651	-9.339826	9.541113	4.042028	37.98115	-9.308565	-11.261864	-22.645694
99	-20.356056	-0.636429	-9.15414	9.847972	4.057497	38.017045	-9.102815	-10.639208	-22.477426
100	-20.037108	-0.774573	-8.988218	10.450593	4.324471	38.046284	-8.746491	-9.659688	-22.165941
