Time	Hip_Z	Hip_X	Hip_Y	Knee_Z	Knee_X	Knee_Y	Ankle_Z	Ankle_X	Ankle_Y
0	-19.127674	3.522532	-5.094709	15.181484	4.487488	27.444041	-9.290637	-2.729496	-11.824255
1	-18.677054	3.167369	-5.404163	16.128728	4.597319	26.945501	-8.297537	-1.058749	-11.07716
2	-18.393812	2.736618	-5.823084	17.31655	4.786993	26.458224	-7.316994	0.649518	-10.190945
3	-18.316697	2.233198	-6.359675	18.77648	5.047022	25.975129	-6.50055	2.264223	-9.176171
4	-18.483708	1.668509	-7.01287	20.560401	5.363435	25.487757	-6.037096	3.648856	-8.034623
5	-18.862681	1.068741	-7.742707	22.64504	5.710043	24.987497	-5.998813	4.751745	-6.794511
6	-19.444751	0.443874	-8.506789	25.050127	6.068316	24.457748	-6.491587	5.488455	-5.478083
7	-20.151396	-0.205501	-9.226425	27.689729	6.415461	23.875435	-7.462033	5.870328	-4.150272
8	-20.886408	-0.89234	-9.816713	30.432453	6.734754	23.212544	-8.780602	5.965341	-2.884229
9	-21.535079	-1.652639	-10.137694	33.121376	7.006751	22.404714	-10.36071	5.807996	-1.779228
10	-22.015196	-2.492801	-10.154296	35.618799	7.232904	21.437987	-12.042476	5.518723	-0.861198
11	-22.255864	-3.407605	-9.83666	37.81579	7.409523	20.300313	-13.738654	5.167727	-0.145396
12	-22.177403	-4.364484	-9.166202	39.595905	7.521215	18.997557	-15.378041	4.819018	0.35805
13	-21.815439	-5.299342	-8.256378	40.993113	7.567267	17.613271	-16.929263	4.517952	0.704217
14	-21.160816	-6.143731	-7.184198	41.973564	7.536694	16.229809	-18.359733	4.296036	0.904563
15	-20.257162	-6.842861	-6.065866	42.568899	7.43448	14.942956	-19.660807	4.160369	0.989022
16	-19.181852	-7.384379	-4.998081	42.865875	7.27786	13.809759	-20.850036	4.094292	0.999041
17	-17.972565	-7.737903	-4.073163	42.883942	7.069609	12.90048	-21.921173	4.087907	0.966101
18	-16.694152	-7.936902	-3.327712	42.708751	6.824277	12.206191	-22.893336	4.113076	0.932716
19	-15.381362	-8.007148	-2.784866	42.383073	6.553334	11.721361	-23.764771	4.152294	0.917673
20	-14.050907	-7.955859	-2.496286	41.906355	6.271695	11.478758	-24.499924	4.190834	0.919432
21	-12.712854	-7.826706	-2.42075	41.310847	6.000976	11.43434	-25.102687	4.21573	0.916505
22	-11.366125	-7.636034	-2.56543	40.58716	5.761234	11.596764	-25.543543	4.213847	0.885971
23	-10.005555	-7.403359	-2.920431	39.72887	5.568312	11.961006	-25.795674	4.171165	0.805952
24	-8.626938	-7.149913	-3.434715	38.754125	5.41975	12.480954	-25.867921	4.08102	0.671564
25	-7.219324	-6.887674	-4.089529	37.652271	5.3127	13.140113	-25.723427	3.925291	0.473027
26	-5.775532	-6.628252	-4.827476	36.439298	5.229639	13.886347	-25.37124	3.701455	0.218382
27	-4.290019	-6.378207	-5.594844	35.131491	5.155318	14.674169	-24.827695	3.410224	-0.082273
28	-2.746554	-6.142918	-6.327795	33.725637	5.075449	15.458009	-24.06415	3.035609	-0.428873
29	-1.151409	-5.918421	-6.971727	32.25378	4.983159	16.197218	-23.124723	2.594362	-0.813725
30	0.496855	-5.701197	-7.471423	30.728209	4.879308	16.862307	-22.002168	2.090761	-1.248519
31	2.193997	-5.48671	-7.771763	29.16461	4.772752	17.432092	-20.679708	1.531294	-1.752363
32	3.918238	-5.270642	-7.879234	27.590408	4.676291	17.920013	-19.18742	0.936475	-2.327927
33	5.647243	-5.049379	-7.766336	26.037481	4.604512	18.326834	-17.5135	0.320058	-2.992882
34	7.348708	-4.820557	-7.449025	24.549413	4.563755	18.662557	-15.678163	-0.296752	-3.739997
35	8.994035	-4.582758	-6.960394	23.168967	4.549517	18.92664	-13.716497	-0.894553	-4.539425
36	10.533865	-4.331463	-6.293247	21.982889	4.560918	19.083627	-11.639792	-1.447129	-5.357264
37	11.948947	-4.068359	-5.499455	21.022332	4.596593	19.135918	-9.494628	-1.946258	-6.158897
38	13.208523	-3.798487	-4.613728	20.339655	4.666679	19.081796	-7.310542	-2.386584	-6.920594
39	14.255464	-3.536589	-3.677998	20.033572	4.797709	18.912713	-5.118097	-2.765128	-7.610421
40	15.095639	-3.304357	-2.754972	20.090182	5.008798	18.663028	-2.943868	-3.105493	-8.223634
41	15.689592	-3.135557	-1.903953	20.576853	5.343117	18.346506	-0.804082	-3.425985	-8.743064
42	16.023391	-3.061251	-1.173291	21.519252	5.834526	17.97245	1.301645	-3.748884	-9.161366
43	16.125363	-3.089028	-0.574515	22.871804	6.483604	17.544022	3.391701	-4.089365	-9.49159
44	15.972739	-3.239392	-0.137472	24.681601	7.317815	17.042664	5.49605	-4.46393	-9.739072
45	15.608435	-3.489572	0.159559	26.873157	8.304441	16.461189	7.651456	-4.880004	-9.941219
46	15.0591	-3.814733	0.337137	29.392526	9.408571	15.784826	9.891932	-5.345215	-10.131613
47	14.31356	-4.191293	0.400766	32.242794	10.596754	14.96961	12.270624	-5.883669	-10.34669
48	13.422768	-4.574374	0.395354	35.318809	11.796384	14.019457	14.77739	-6.500952	-10.603111
49	12.392504	-4.928045	0.33772	38.589418	12.943612	12.919519	17.400529	-7.226753	-10.911344
50	11.233109	-5.212124	0.242155	42.014398	13.967484	11.681434	20.067851	-8.094176	-11.272695
51	9.976452	-5.404087	0.124429	45.534346	14.83448	10.358289	22.650259	-9.095856	-11.665396
52	8.625548	-5.459258	-0.004314	49.123538	15.482612	8.989877	24.942033	-10.223938	-12.049543
53	7.197107	-5.358734	-0.127342	52.74833	15.896781	7.628654	26.766024	-11.402071	-12.363555
54	5.702267	-5.094539	-0.230692	56.383968	16.077568	6.315991	28.024732	-12.529348	-12.564146
55	4.130763	-4.617832	-0.295144	59.997702	15.975024	5.11696	28.54026	-13.44539	-12.617261
56	2.495255	-3.960055	-0.320194	63.555554	15.650971	4.058555	28.457513	-14.074057	-12.575919
57	0.792313	-3.127486	-0.307141	67.016676	15.133242	3.179898	27.830974	-14.345348	-12.472915
58	-0.985457	-2.137302	-0.269784	70.327227	14.468925	2.526758	26.717507	-14.214128	-12.330518
59	-2.824222	-1.055975	-0.240975	73.474998	13.752139	2.082369	25.277119	-13.771822	-12.168418
60	-4.720389	0.070304	-0.265218	76.41339	13.06094	1.87536	23.549171	-13.052531	-11.993355
61	-6.656371	1.18558	-0.385088	79.125686	12.465997	1.894511	21.588442	-12.144172	-11.808524
62	-8.614063	2.250752	-0.618514	81.621583	12.000046	2.10247	19.439353	-11.137253	-11.614351
63	-10.58839	3.225567	-0.988952	83.857862	11.70574	2.497625	17.083464	-10.093607	-11.409518
64	-12.57579	4.110998	-1.459306	85.864181	11.555302	3.019946	14.566352	-9.069719	-11.196953
65	-14.573648	4.913235	-1.995439	87.634833	11.526455	3.634983	11.930726	-8.094451	-10.979563
66	-16.572007	5.638722	-2.550181	89.114747	11.602698	4.316018	9.248426	-7.187913	-10.764935
67	-18.556208	6.317959	-3.06819	90.327148	11.736583	5.022639	6.626108	-6.332348	-10.56125
68	-20.510695	6.961779	-3.502796	91.224835	11.903991	5.738313	4.168849	-5.520353	-10.36755
69	-22.421358	7.57591	-3.821741	91.778817	12.08245	6.45349	1.957357	-4.752371	-10.167988
70	-24.281946	8.158585	-4.02437	92.012823	12.261391	7.162552	-0.000435	-4.034806	-9.943465
71	-26.0749	8.687856	-4.094683	91.870112	12.446219	7.859468	-1.66228	-3.395904	-9.670988
72	-27.799715	9.147827	-4.061841	91.382973	12.654746	8.544273	-3.075354	-2.847002	-9.349076
73	-29.453554	9.524145	-3.958388	90.571736	12.910862	9.22143	-4.283587	-2.394651	-8.989127
74	-31.01044	9.782359	-3.812055	89.373494	13.259988	9.902467	-5.287512	-2.063008	-8.608937
75	-32.472869	9.934106	-3.663502	87.849867	13.713282	10.605324	-6.147054	-1.82827	-8.237722
76	-33.813739	9.970562	-3.542578	85.967381	14.298621	11.359347	-6.865943	-1.689422	-7.900921
77	-34.994029	9.888926	-3.481408	83.684068	15.034551	12.209959	-7.443866	-1.641729	-7.621631
78	-36.00443	9.713374	-3.491909	81.033882	15.891178	13.186595	-7.90661	-1.662328	-7.402075
79	-36.790029	9.444993	-3.592822	77.950007	16.843757	14.351721	-8.253357	-1.746186	-7.254319
80	-37.332964	9.101906	-3.776803	74.437779	17.820738	15.732964	-8.509553	-1.874153	-7.179014
81	-37.63204	8.701926	-4.024296	70.525441	18.735573	17.330511	-8.702853	-2.024311	-7.175674
82	-37.627035	8.248823	-4.316746	66.157292	19.438266	19.169285	-8.848429	-2.173558	-7.260737
83	-37.364819	7.762822	-4.615012	61.453017	19.839238	21.157815	-8.973325	-2.301488	-7.414479
84	-36.852793	7.256754	-4.892015	56.48844	19.839934	23.209704	-9.088693	-2.398393	-7.630997
85	-36.097232	6.749086	-5.129351	51.37151	19.348614	25.198811	-9.19918	-2.473325	-7.922294
86	-35.176596	6.260184	-5.336271	46.257637	18.460093	27.022436	-9.305883	-2.562897	-8.296204
87	-34.129581	5.813779	-5.521675	41.287086	17.216579	28.570306	-9.406535	-2.721356	-8.7855
88	-33.015088	5.429139	-5.693865	36.583559	15.737742	29.787064	-9.502654	-3.002113	-9.399315
89	-31.882614	5.11296	-5.853777	32.207923	14.152621	30.68595	-9.601593	-3.426264	-10.112738
90	-30.765272	4.884242	-5.988339	28.291299	12.553958	31.220897	-9.715945	-4.025324	-10.901442
91	-29.67933	4.733108	-6.087107	24.826769	11.017273	31.456444	-9.852534	-4.751866	-11.705393
92	-28.630594	4.653784	-6.141549	21.831123	9.588548	31.429325	-10.014783	-5.547683	-12.469223
93	-27.625627	4.647301	-6.140085	19.392322	8.326467	31.150009	-10.208573	-6.328301	-13.121124
94	-26.655535	4.688364	-6.092836	17.417267	7.227111	30.713213	-10.425712	-7.014646	-13.638849
95	-25.72043	4.762824	-5.999598	15.928645	6.313447	30.163808	-10.65589	-7.53524	-13.989714
96	-24.816721	4.849904	-5.865851	14.913822	5.588437	29.555573	-10.877858	-7.843931	-14.158125
97	-23.936056	4.928259	-5.707236	14.282332	5.018651	28.93594	-11.064835	-7.949502	-14.162946
98	-23.081181	4.973608	-5.539024	14.037228	4.607744	28.334469	-11.163321	-7.808917	-13.984346
99	-22.25699	4.968475	-5.38342	14.094089	4.325016	27.766717	-11.120522	-7.416988	-13.647559
100	-21.473943	4.900559	-5.260491	14.386202	4.146716	27.238864	-10.884873	-6.753828	-13.179266
