Time	Hip_Z	Hip_X	Hip_Y	Knee_Z	Knee_X	Knee_Y	Ankle_Z	Ankle_X	Ankle_Y
0	-25.14622	-3.237791	-8.227826	14.86633	1.188283	19.641271	-6.674464	1.738881	-5.708181
1	-25.69538	-3.450277	-8.621976	17.335386	1.194466	19.230396	-5.341128	2.889497	-4.956099
2	-26.457195	-3.777177	-8.925526	20.275287	1.286987	18.698556	-4.412337	4.034351	-4.258424
3	-27.424401	-4.255911	-9.097539	23.679594	1.524507	18.028412	-4.166888	5.021146	-3.65533
4	-28.507929	-4.881984	-9.111617	27.401938	1.923257	17.189219	-4.661376	5.73028	-3.13501
5	-29.598252	-5.641985	-8.932733	31.278908	2.445703	16.123322	-5.842317	6.110548	-2.659089
6	-30.538263	-6.503276	-8.524689	35.067682	2.990452	14.801666	-7.555426	6.183145	-2.193667
7	-31.225712	-7.400662	-7.928607	38.567697	3.461127	13.323697	-9.554699	6.066157	-1.738665
8	-31.518506	-8.241799	-7.20687	41.51317	3.7608	11.85265	-11.670101	5.85239	-1.312094
9	-31.459312	-8.950335	-6.500101	43.896712	3.895413	10.573772	-13.752279	5.641648	-0.929335
10	-31.034798	-9.449017	-5.929195	45.637316	3.865677	9.664831	-15.72064	5.487841	-0.627011
11	-30.326104	-9.737354	-5.561209	46.826916	3.724949	9.170955	-17.541576	5.414116	-0.428902
12	-29.384697	-9.837487	-5.417835	47.525147	3.510267	9.079613	-19.192154	5.423391	-0.348569
13	-28.25622	-9.793397	-5.481419	47.789518	3.249532	9.318133	-20.649884	5.497431	-0.382849
14	-26.989844	-9.669692	-5.679333	47.71566	2.962834	9.74711	-21.923945	5.59867	-0.501455
15	-25.584971	-9.51471	-5.947181	47.290054	2.667919	10.254769	-22.967631	5.687316	-0.700312
16	-24.078525	-9.371274	-6.209152	46.585194	2.397891	10.735834	-23.803393	5.728965	-0.965312
17	-22.472444	-9.262469	-6.425712	45.571204	2.1983	11.137183	-24.393667	5.675112	-1.308544
18	-20.784723	-9.190345	-6.592343	44.274362	2.09473	11.459404	-24.744944	5.492337	-1.724468
19	-19.019458	-9.147781	-6.719661	42.694739	2.098752	11.724939	-24.834594	5.151058	-2.21386
20	-17.180509	-9.120684	-6.825007	40.84097	2.206845	11.973565	-24.627402	4.632992	-2.77447
21	-15.282373	-9.095042	-6.920601	38.766219	2.393064	12.238951	-24.132074	3.965179	-3.386221
22	-13.326733	-9.057788	-7.005652	36.486599	2.64189	12.555507	-23.285774	3.173255	-4.033589
23	-11.332601	-9.00333	-7.071458	34.085221	2.922682	12.935386	-22.132601	2.333465	-4.699641
24	-9.311366	-8.922285	-7.092708	31.60821	3.223299	13.402413	-20.627849	1.493565	-5.39517
25	-7.284453	-8.808969	-7.045798	29.123283	3.527181	13.952383	-18.809264	0.688611	-6.138938
26	-5.264448	-8.655963	-6.905531	26.681745	3.817803	14.572108	-16.695026	-0.067733	-6.943385
27	-3.263994	-8.455669	-6.649769	24.339567	4.07481	15.22538	-14.326587	-0.779141	-7.803704
28	-1.292614	-8.208792	-6.280867	22.127252	4.288125	15.86605	-11.774769	-1.466181	-8.694315
29	0.633177	-7.910641	-5.782996	20.100347	4.444386	16.426017	-9.085398	-2.157232	-9.574758
30	2.513264	-7.577703	-5.180632	18.250247	4.55569	16.855384	-6.342455	-2.880528	-10.395291
31	4.336239	-7.2218	-4.467805	16.612932	4.627653	17.067076	-3.602642	-3.662411	-11.080055
32	6.10396	-6.864692	-3.668094	15.174713	4.68065	17.027944	-0.92441	-4.496332	-11.579311
33	7.81007	-6.525236	-2.797133	13.952011	4.731594	16.705216	1.633149	-5.356963	-11.848167
34	9.442137	-6.229264	-1.891602	12.970375	4.804548	16.109553	4.00079	-6.195643	-11.869994
35	10.988647	-6.001991	-1.007155	12.236937	4.924002	15.320765	6.13748	-6.973743	-11.682787
36	12.404694	-5.896756	-0.233709	11.828513	5.132464	14.437749	7.946149	-7.646054	-11.320697
37	13.67636	-5.926218	0.375295	11.742224	5.434681	13.592394	9.436455	-8.207125	-10.885126
38	14.744823	-6.124167	0.744811	12.083155	5.842497	12.895822	10.53879	-8.619232	-10.459266
39	15.595742	-6.465968	0.887627	12.867973	6.334059	12.377921	11.278584	-8.880153	-10.119039
40	16.19321	-6.925527	0.827941	14.167155	6.899085	12.018938	11.636231	-8.979239	-9.910586
41	16.517496	-7.441118	0.649053	16.029011	7.52013	11.723448	11.621283	-8.931696	-9.842031
42	16.584597	-7.9456	0.450581	18.430229	8.177008	11.380831	11.294878	-8.781275	-9.880401
43	16.374655	-8.367151	0.337898	21.422072	8.85486	10.869128	10.695864	-8.573786	-9.995512
44	15.952746	-8.682975	0.358915	24.868581	9.539075	10.163967	9.945823	-8.369105	-10.147295
45	15.322688	-8.874382	0.548884	28.740261	10.227301	9.254803	9.116951	-8.215715	-10.330387
46	14.535041	-8.980719	0.854868	32.877128	10.928224	8.239425	8.295292	-8.134796	-10.551202
47	13.598642	-9.032026	1.219016	37.180652	11.660374	7.209385	7.535761	-8.138937	-10.826363
48	12.527778	-9.057163	1.559483	41.537437	12.44272	6.264762	6.878525	-8.226615	-11.156864
49	11.343374	-9.062637	1.825829	45.870497	13.274427	5.44815	6.334404	-8.385021	-11.515822
50	10.04365	-9.020654	1.994713	50.123412	14.131883	4.766056	5.91599	-8.604606	-11.848146
51	8.651833	-8.895234	2.109022	54.293828	14.954701	4.148507	5.585227	-8.847879	-12.097418
52	7.167883	-8.611904	2.22746	58.373808	15.637248	3.526287	5.310422	-9.058654	-12.177247
53	5.621016	-8.143886	2.414922	62.379734	16.091161	2.841667	5.02977	-9.162367	-12.04303
54	4.028194	-7.474493	2.709022	66.300229	16.225508	2.081087	4.687013	-9.070085	-11.636914
55	2.409789	-6.650137	3.089955	70.108017	16.015635	1.29849	4.227312	-8.708463	-10.941407
56	0.774899	-5.751071	3.491654	73.775895	15.517805	0.578726	3.620389	-8.059842	-9.99123
57	-0.885695	-4.872204	3.810701	77.251275	14.806964	0.036948	2.822669	-7.101808	-8.822568
58	-2.589165	-4.083428	3.966619	80.541896	14.024298	-0.282445	1.858354	-5.926302	-7.541886
59	-4.381201	-3.449269	3.837937	83.612332	13.2922	-0.300303	0.725164	-4.598762	-6.242039
60	-6.295122	-2.955918	3.402305	86.491674	12.704321	-0.053147	-0.517085	-3.246859	-5.029508
61	-8.369716	-2.578422	2.635837	89.163966	12.327634	0.440955	-1.829846	-1.967435	-3.99715
62	-10.593136	-2.247709	1.611065	91.609291	12.174162	1.111377	-3.158554	-0.837498	-3.209781
63	-12.925734	-1.903914	0.434263	93.806378	12.212242	1.882529	-4.4593	0.118441	-2.681138
64	-15.337186	-1.503252	-0.786644	95.688225	12.415567	2.676457	-5.682607	0.879704	-2.431754
65	-17.789921	-1.048727	-1.953585	97.265741	12.723229	3.419739	-6.80988	1.488952	-2.397578
66	-20.259212	-0.557286	-2.965932	98.457513	13.111319	4.036732	-7.810802	1.948304	-2.560962
67	-22.704752	-0.070609	-3.787921	99.28753	13.540665	4.516759	-8.702947	2.295876	-2.838169
68	-25.088031	0.373606	-4.394129	99.711648	13.995027	4.861648	-9.485612	2.530869	-3.175741
69	-27.381181	0.74263	-4.816007	99.735417	14.462236	5.113033	-10.172349	2.656823	-3.509636
70	-29.573281	1.021936	-5.097215	99.383614	14.935263	5.315812	-10.779211	2.683449	-3.799572
71	-31.648572	1.200033	-5.2718	98.644477	15.401505	5.520051	-11.316831	2.622767	-4.00926
72	-33.617528	1.301149	-5.390547	97.589757	15.84552	5.771518	-11.809122	2.511715	-4.136246
73	-35.444462	1.337161	-5.480842	96.188693	16.237451	6.131416	-12.265049	2.37488	-4.167443
74	-37.120763	1.343233	-5.568939	94.501596	16.559416	6.625989	-12.700954	2.239636	-4.128861
75	-38.602839	1.343343	-5.671935	92.512033	16.784441	7.296259	-13.120792	2.120008	-4.037135
76	-39.866338	1.36342	-5.809164	90.231728	16.900429	8.153474	-13.524543	2.014121	-3.923528
77	-40.892605	1.415262	-5.9932	87.663822	16.902656	9.189108	-13.908449	1.906264	-3.810751
78	-41.635104	1.497715	-6.228654	84.769672	16.774033	10.386851	-14.26418	1.776342	-3.716573
79	-42.116374	1.590793	-6.49554	81.578281	16.526469	11.679203	-14.589305	1.622359	-3.648648
80	-42.288774	1.667203	-6.773304	78.030072	16.135667	13.003761	-14.869889	1.449105	-3.620929
81	-42.204635	1.701802	-7.036694	74.176766	15.619868	14.277223	-15.105378	1.270719	-3.632167
82	-41.855886	1.666098	-7.265828	70.000764	14.970688	15.418198	-15.28478	1.096765	-3.688477
83	-41.275383	1.545595	-7.452164	65.538086	14.21355	16.364646	-15.405636	0.932467	-3.796106
84	-40.491568	1.33772	-7.595103	60.826339	13.383566	17.083301	-15.469818	0.775218	-3.971343
85	-39.517779	1.047166	-7.695147	55.897497	12.515314	17.547981	-15.47605	0.615536	-4.243936
86	-38.397144	0.708565	-7.767252	50.829264	11.635344	17.816904	-15.433216	0.441927	-4.611395
87	-37.127008	0.360249	-7.836488	45.675291	10.765104	17.93844	-15.337095	0.231114	-5.089521
88	-35.752365	0.046629	-7.943575	40.528147	9.923318	18.038339	-15.196062	-0.033695	-5.656573
89	-34.292228	-0.198519	-8.128984	35.485939	9.123433	18.218718	-15.000882	-0.374229	-6.309119
90	-32.79416	-0.37305	-8.402201	30.673079	8.359979	18.54384	-14.750241	-0.784664	-7.013665
91	-31.306298	-0.49989	-8.740754	26.221121	7.621358	19.009982	-14.443143	-1.239371	-7.728109
92	-29.89566	-0.607241	-9.110378	22.31769	6.906437	19.583315	-14.063064	-1.689018	-8.389766
93	-28.609608	-0.704377	-9.496075	19.008031	6.22836	20.223129	-13.59323	-2.081655	-8.942003
94	-27.533646	-0.775999	-9.915221	16.501448	5.624898	20.918405	-12.973489	-2.333659	-9.280681
95	-26.671756	-0.814041	-10.38894	14.72372	5.107441	21.63676	-12.180225	-2.416848	-9.399534
96	-26.069883	-0.814084	-10.950868	13.771885	4.699182	22.338488	-11.134949	-2.279438	-9.272019
97	-25.723127	-0.78787	-11.598746	13.590244	4.395872	22.951086	-9.803995	-1.909368	-8.932925
98	-25.628266	-0.752792	-12.289561	14.157585	4.182634	23.379464	-8.210834	-1.299088	-8.41492
99	-25.800384	-0.746076	-12.935914	15.50377	4.031121	23.479234	-6.512595	-0.461303	-7.747691
100	-26.213728	-0.805664	-13.464415	17.523453	3.902762	23.19661	-4.964945	0.516142	-6.974974
