Time	Hip_Z	Hip_X	Hip_Y	Knee_Z	Knee_X	Knee_Y	Ankle_Z	Ankle_X	Ankle_Y
0	-24.001631	-4.270596	-10.717801	14.358481	3.299279	23.498737	-8.987317	0.335418	-6.579564
1	-24.450079	-4.360083	-11.029188	16.711319	3.286038	22.900707	-7.885944	1.421963	-5.878755
2	-25.136208	-4.483835	-11.308522	19.53912	3.290296	22.260887	-6.959406	2.667944	-5.161567
3	-26.06812	-4.684049	-11.501876	22.838527	3.35513	21.56195	-6.463967	3.930734	-4.45258
4	-27.189317	-5.00827	-11.53935	26.540101	3.526539	20.725849	-6.606761	5.020943	-3.750319
5	-28.388523	-5.473312	-11.369194	30.502713	3.780866	19.663709	-7.393525	5.84745	-3.025098
6	-29.515654	-6.104507	-10.89518	34.556345	4.032975	18.258607	-8.839332	6.34625	-2.242331
7	-30.416418	-6.855116	-10.137356	38.439772	4.176626	16.583379	-10.697343	6.609359	-1.422155
8	-30.966765	-7.66819	-9.157236	41.915642	4.168458	14.790964	-12.783083	6.711552	-0.623064
9	-31.073998	-8.44927	-8.104925	44.756337	4.026208	13.132163	-14.907968	6.725189	0.075681
10	-30.783579	-9.133086	-7.124618	46.957858	3.800192	11.748633	-16.953769	6.704014	0.658486
11	-30.096152	-9.667687	-6.353514	48.45517	3.531744	10.767513	-18.831682	6.669539	1.10419
12	-29.11228	-10.059296	-5.864248	49.358001	3.283703	10.194506	-20.512572	6.633383	1.406221
13	-27.902784	-10.329331	-5.672951	49.745867	3.085507	9.996797	-21.986398	6.605911	1.561568
14	-26.514205	-10.503046	-5.757925	49.661505	2.939073	10.113721	-23.23965	6.595835	1.57905
15	-25.009132	-10.62466	-5.982679	49.235431	2.809044	10.379459	-24.317435	6.598522	1.509945
16	-23.406755	-10.715899	-6.224551	48.502964	2.664793	10.657896	-25.222355	6.602218	1.377328
17	-21.728391	-10.786545	-6.382349	47.517788	2.500917	10.840974	-25.966312	6.572931	1.200859
18	-19.984817	-10.832338	-6.439871	46.302245	2.336721	10.908247	-26.546886	6.47219	0.985147
19	-18.172988	-10.836538	-6.433511	44.810239	2.21027	10.883593	-26.899212	6.248247	0.714357
20	-16.310967	-10.795061	-6.454369	43.058887	2.149217	10.852676	-26.997791	5.902946	0.376809
21	-14.409216	-10.703603	-6.580486	41.021567	2.181335	10.889878	-26.766206	5.429159	-0.052365
22	-12.483073	-10.570759	-6.86089	38.714639	2.323607	11.068087	-26.151973	4.829838	-0.58435
23	-10.544969	-10.413078	-7.282756	36.193549	2.573556	11.42041	-25.158297	4.11846	-1.212287
24	-8.605875	-10.24579	-7.801641	33.498845	2.929535	11.982069	-23.730158	3.300156	-1.939928
25	-6.670733	-10.079213	-8.297208	30.735365	3.334865	12.681681	-21.955335	2.427639	-2.731814
26	-4.736109	-9.908591	-8.660111	27.980996	3.737628	13.451075	-19.867734	1.548781	-3.571184
27	-2.79583	-9.716507	-8.780544	25.32121	4.078493	14.195992	-17.517291	0.7188	-4.448906
28	-0.848686	-9.48648	-8.625348	22.801595	4.328664	14.844075	-14.982653	-0.038163	-5.35604
29	1.106456	-9.194859	-8.141728	20.479318	4.458449	15.316445	-12.301626	-0.703129	-6.28356
30	3.069484	-8.841457	-7.386668	18.349837	4.486139	15.588927	-9.542293	-1.292168	-7.205221
31	5.037481	-8.438014	-6.419982	16.40663	4.439569	15.652394	-6.751064	-1.821646	-8.086092
32	6.996018	-8.014873	-5.329668	14.648982	4.364483	15.514047	-3.982129	-2.309362	-8.867847
33	8.925517	-7.610406	-4.210213	13.053755	4.306696	15.224322	-1.285338	-2.765646	-9.515309
34	10.790383	-7.258416	-3.107266	11.662252	4.299656	14.782681	1.264956	-3.170611	-9.976438
35	12.546827	-6.977182	-2.047849	10.518625	4.359856	14.22323	3.596498	-3.499198	-10.247618
36	14.153202	-6.77964	-1.061578	9.672928	4.495421	13.607315	5.651425	-3.738376	-10.349449
37	15.536481	-6.697707	-0.207102	9.242765	4.721819	13.030143	7.326144	-3.874535	-10.29652
38	16.68951	-6.7278	0.495101	9.244703	5.025887	12.569991	8.622935	-3.931191	-10.14395
39	17.571197	-6.873312	1.013805	9.780204	5.410973	12.285839	9.475452	-3.915725	-9.922199
40	18.178302	-7.103421	1.375056	10.901005	5.878325	12.15756	9.870657	-3.842955	-9.676284
41	18.538525	-7.372488	1.646651	12.592014	6.430919	12.103984	9.854985	-3.731908	-9.437793
42	18.641578	-7.626149	1.910115	14.923044	7.095436	12.014106	9.440058	-3.606613	-9.228466
43	18.552749	-7.820303	2.239839	17.746756	7.86076	11.793405	8.78493	-3.500058	-9.047687
44	18.280413	-7.927267	2.673601	21.007829	8.726315	11.37587	7.986153	-3.4379	-8.900878
45	17.829539	-7.948366	3.1919	24.601132	9.674942	10.753012	7.161798	-3.434052	-8.80052
46	17.22132	-7.920072	3.723655	28.398599	10.674705	9.993077	6.396384	-3.479348	-8.751484
47	16.442088	-7.883525	4.174417	32.325636	11.698941	9.168923	5.766366	-3.570336	-8.762062
48	15.516397	-7.868464	4.486497	36.306134	12.711183	8.353827	5.289279	-3.699686	-8.812693
49	14.44961	-7.8675	4.646774	40.31455	13.673198	7.565143	4.967415	-3.869906	-8.880955
50	13.244427	-7.831913	4.688661	44.344552	14.521264	6.781151	4.784812	-4.078762	-8.932541
51	11.930551	-7.708534	4.686677	48.392517	15.205299	5.967962	4.692178	-4.303019	-8.934813
52	10.522954	-7.43631	4.698757	52.448806	15.635001	5.101202	4.653465	-4.502396	-8.840751
53	9.063843	-7.008874	4.761592	56.484425	15.772122	4.19122	4.612888	-4.620097	-8.617577
54	7.584228	-6.455054	4.875599	60.464705	15.608824	3.27147	4.520706	-4.608011	-8.247796
55	6.101017	-5.837689	4.994424	64.337027	15.153407	2.420724	4.303888	-4.409389	-7.721915
56	4.602611	-5.249016	5.03273	68.084381	14.526881	1.714067	3.927495	-4.041793	-7.091286
57	3.047762	-4.771759	4.88377	71.67951	13.838252	1.232837	3.348068	-3.524507	-6.400177
58	1.383996	-4.442063	4.480225	75.121353	13.22404	0.998571	2.572965	-2.932671	-5.72222
59	-0.421063	-4.234505	3.827807	78.416767	12.760411	0.979961	1.643222	-2.332982	-5.112081
60	-2.421431	-4.100778	2.94016	81.533367	12.51594	1.151733	0.604336	-1.781476	-4.631083
61	-4.597276	-3.956082	1.933285	84.474688	12.451453	1.424391	-0.462658	-1.287293	-4.283756
62	-6.94558	-3.733545	0.896649	87.196472	12.540036	1.745626	-1.509194	-0.840732	-4.079984
63	-9.432134	-3.387249	-0.064797	89.650676	12.727813	2.064914	-2.50355	-0.409158	-4.006492
64	-12.009989	-2.923111	-0.883617	91.818703	12.964808	2.353393	-3.440969	0.038243	-4.034184
65	-14.647984	-2.358054	-1.481714	93.612776	13.224794	2.586901	-4.30958	0.519355	-4.153781
66	-17.299055	-1.756119	-1.878061	95.035373	13.500274	2.774489	-5.114503	1.008272	-4.337853
67	-19.926893	-1.169276	-2.078844	96.044562	13.79688	2.920796	-5.856234	1.465815	-4.572249
68	-22.496053	-0.657484	-2.098546	96.600535	14.117967	3.030885	-6.539158	1.844624	-4.825986
69	-24.997426	-0.247501	-1.989967	96.746264	14.460756	3.127022	-7.172468	2.127167	-5.062321
70	-27.414662	0.034319	-1.79561	96.443723	14.827523	3.250501	-7.750759	2.292647	-5.240273
71	-29.744103	0.206526	-1.585251	95.746937	15.212033	3.452796	-8.277842	2.360369	-5.330795
72	-31.971991	0.289821	-1.410814	94.67736	15.605486	3.778657	-8.755512	2.350402	-5.314774
73	-34.06149	0.309245	-1.328839	93.223444	15.991356	4.288275	-9.186657	2.285013	-5.17338
74	-35.99406	0.298956	-1.360444	91.442138	16.352959	4.99183	-9.584346	2.193757	-4.928304
75	-37.7121	0.274546	-1.536372	89.309441	16.671033	5.924313	-9.95108	2.095174	-4.595171
76	-39.181095	0.242466	-1.858347	86.844803	16.931657	7.072699	-10.292489	2.004457	-4.218507
77	-40.376783	0.202822	-2.320136	84.060973	17.123315	8.415326	-10.614253	1.923414	-3.833782
78	-41.220086	0.161523	-2.930487	80.904239	17.217339	9.959762	-10.918911	1.844165	-3.481243
79	-41.721484	0.135051	-3.655542	77.405479	17.209587	11.665688	-11.208858	1.753662	-3.196068
80	-41.834882	0.143502	-4.495275	73.51917	17.080547	13.534155	-11.477027	1.636442	-3.023607
81	-41.573094	0.203518	-5.440393	69.238065	16.823741	15.54795	-11.70868	1.481859	-3.000425
82	-40.993757	0.314195	-6.462196	64.598255	16.439168	17.664478	-11.887113	1.290982	-3.138123
83	-40.104609	0.450656	-7.504502	59.580587	15.884244	19.800367	-11.974886	1.062514	-3.480137
84	-39.003322	0.548978	-8.460434	54.294664	15.151337	21.803761	-11.965983	0.807017	-3.994475
85	-37.734251	0.559707	-9.232198	48.807643	14.212462	23.526401	-11.851993	0.523101	-4.65865
86	-36.348065	0.461327	-9.750839	43.223618	13.067007	24.850099	-11.640037	0.202464	-5.425289
87	-34.895009	0.272713	-10.021946	37.65162	11.76413	25.774235	-11.360911	-0.158953	-6.238456
88	-33.408265	0.011462	-10.02963	32.213887	10.343551	26.269403	-11.042006	-0.569158	-7.052871
89	-31.926036	-0.283316	-9.846974	27.005424	8.885149	26.452806	-10.722656	-1.01278	-7.829504
90	-30.475686	-0.591952	-9.531386	22.11389	7.446443	26.412386	-10.424067	-1.467984	-8.546675
91	-29.096715	-0.905612	-9.153859	17.664676	6.089165	26.238896	-10.163664	-1.897578	-9.185762
92	-27.823722	-1.221767	-8.795339	13.70579	4.850511	26.018524	-9.953613	-2.275783	-9.750244
93	-26.725423	-1.543344	-8.537489	10.406397	3.794458	25.798963	-9.820734	-2.586743	-10.234006
94	-25.843435	-1.875641	-8.4353	7.837079	2.959811	25.602335	-9.775593	-2.853026	-10.653512
95	-25.194457	-2.214879	-8.507099	6.03965	2.367085	25.419998	-9.815369	-3.107726	-11.02035
96	-24.804936	-2.546047	-8.759612	5.1274	2.044011	25.211963	-9.917599	-3.385324	-11.328817
97	-24.621186	-2.853424	-9.128553	4.963269	1.927793	24.931117	-10.012428	-3.680977	-11.586666
98	-24.627796	-3.122011	-9.561189	5.552097	1.985313	24.51206	-10.003205	-3.930522	-11.783284
99	-24.784772	-3.349609	-9.984562	6.794909	2.138062	23.891812	-9.76412	-3.987143	-11.865253
100	-25.060953	-3.546143	-10.358905	8.574048	2.307963	23.049059	-9.208835	-3.711583	-11.74917
