Time	Hip_Z	Hip_X	Hip_Y	Knee_Z	Knee_X	Knee_Y	Ankle_Z	Ankle_X	Ankle_Y
0	-24.728188	-3.222257	-11.784076	15.760118	2.744694	23.68534	-9.038319	-0.431239	-8.291303
1	-25.128917	-3.518357	-11.948893	18.007007	2.799646	23.138161	-7.677768	1.175142	-7.311015
2	-25.719386	-3.979503	-11.951151	20.682992	2.871832	22.274122	-6.558711	2.877777	-6.329799
3	-26.509961	-4.64139	-11.76558	23.804102	2.963916	21.060152	-5.957485	4.508345	-5.367026
4	-27.44929	-5.499414	-11.39885	27.302649	3.073428	19.501643	-6.06064	5.892947	-4.385635
5	-28.441625	-6.507124	-10.87762	31.034168	3.175783	17.660964	-6.84567	6.963178	-3.353737
6	-29.344577	-7.60569	-10.225974	34.780298	3.227366	15.642082	-8.292344	7.639951	-2.283671
7	-30.039711	-8.674492	-9.559771	38.264878	3.223436	13.694474	-10.091465	8.018583	-1.261531
8	-30.421385	-9.59822	-8.994495	41.244292	3.17629	12.04843	-12.060908	8.145273	-0.382693
9	-30.45035	-10.282842	-8.63459	43.587118	3.113243	10.873466	-14.026984	8.112312	0.290838
10	-30.161288	-10.718336	-8.508648	45.32563	3.052685	10.181512	-15.905326	8.00081	0.766476
11	-29.534137	-10.895394	-8.641681	46.408122	3.002658	10.001927	-17.620109	7.865659	1.02897
12	-28.651323	-10.919269	-8.917812	47.000131	2.947224	10.137779	-19.171716	7.748627	1.137174
13	-27.527385	-10.85489	-9.232833	47.137987	2.854829	10.452808	-20.542952	7.670621	1.122126
14	-26.204936	-10.773902	-9.468003	46.895433	2.698253	10.771528	-21.738438	7.628604	1.045263
15	-24.732969	-10.711059	-9.571078	46.341353	2.484774	10.989723	-22.769838	7.599941	0.947521
16	-23.125917	-10.682491	-9.503257	45.447109	2.246692	11.026653	-23.591368	7.549584	0.828771
17	-21.429359	-10.674152	-9.328168	44.259858	2.043998	10.921017	-24.20455	7.442055	0.672831
18	-19.651343	-10.668563	-9.107391	42.74429	1.930293	10.720031	-24.552692	7.231755	0.460512
19	-17.797765	-10.644395	-8.90922	40.897787	1.93473	10.501284	-24.584813	6.885668	0.179018
20	-15.876177	-10.590695	-8.763533	38.761813	2.049584	10.323949	-24.288426	6.408973	-0.181207
21	-13.881271	-10.494333	-8.693199	36.334457	2.278764	10.261899	-23.57584	5.799743	-0.657004
22	-11.83131	-10.357118	-8.672727	33.714372	2.581936	10.342173	-22.493692	5.10596	-1.246288
23	-9.730816	-10.171249	-8.674333	30.951035	2.933467	10.604021	-21.013758	4.350888	-1.964781
24	-7.593333	-9.933973	-8.655836	28.126739	3.289538	11.05479	-19.159039	3.563397	-2.796954
25	-5.43346	-9.648917	-8.582245	25.314216	3.610486	11.659921	-16.994822	2.767773	-3.708403
26	-3.264121	-9.308005	-8.399744	22.596321	3.846829	12.390354	-14.535651	1.984939	-4.684578
27	-1.104631	-8.92109	-8.107046	20.013227	3.992526	13.174372	-11.88933	1.217778	-5.695656
28	1.025458	-8.494545	-7.7071	17.608201	4.045758	13.96689	-9.105597	0.45647	-6.714886
29	3.107447	-8.049559	-7.217484	15.403792	4.029428	14.700782	-6.261763	-0.319388	-7.694044
30	5.131463	-7.604876	-6.640312	13.40297	3.968712	15.304354	-3.430044	-1.117522	-8.586004
31	7.064779	-7.176089	-5.934917	11.676761	3.882028	15.640363	-0.707195	-1.92905	-9.307064
32	8.893245	-6.777455	-5.117545	10.224586	3.807991	15.688187	1.840174	-2.72666	-9.844061
33	10.577345	-6.4382	-4.216628	9.109907	3.792248	15.442454	4.118451	-3.481283	-10.178701
34	12.081712	-6.193595	-3.306754	8.389233	3.879663	14.999279	6.043109	-4.166225	-10.341401
35	13.39476	-6.056729	-2.452195	8.087131	4.080524	14.479403	7.587856	-4.772325	-10.391147
36	14.460952	-6.054727	-1.720869	8.344334	4.416176	13.98772	8.650331	-5.27746	-10.379032
37	15.305401	-6.162288	-1.114044	9.129417	4.865412	13.571664	9.289824	-5.692769	-10.366527
38	15.905369	-6.368518	-0.632651	10.515636	5.435541	13.231642	9.480501	-6.004985	-10.390119
39	16.258682	-6.638561	-0.240454	12.511488	6.122242	12.905053	9.261106	-6.213669	-10.46532
40	16.385652	-6.932329	0.116252	15.05322	6.907557	12.508018	8.725559	-6.340519	-10.577654
41	16.259646	-7.207239	0.500595	18.176895	7.781895	11.916834	7.937482	-6.406342	-10.702252
42	15.93802	-7.437214	0.95198	21.727089	8.697482	11.097729	7.0416	-6.450414	-10.813262
43	15.434201	-7.610943	1.478207	25.647929	9.618336	10.036215	6.124899	-6.488462	-10.902644
44	14.783849	-7.744804	2.024879	29.824174	10.506926	8.820068	5.272612	-6.524126	-10.982978
45	14.019027	-7.867621	2.511822	34.150595	11.351853	7.580122	4.525563	-6.555576	-11.075033
46	13.128064	-8.008099	2.818163	38.56229	12.156896	6.479501	3.935418	-6.588759	-11.205993
47	12.118336	-8.16961	2.907037	42.992644	12.953703	5.595134	3.490269	-6.640477	-11.374268
48	10.962888	-8.331156	2.762226	47.415584	13.7641	4.952299	3.192463	-6.733007	-11.559122
49	9.646533	-8.438157	2.458069	51.826116	14.585559	4.469175	3.011021	-6.877289	-11.706745
50	8.177683	-8.435143	2.104084	56.233644	15.376614	4.028993	2.904096	-7.053834	-11.761539
51	6.546692	-8.220211	1.82677	60.640898	16.028014	3.516623	2.838012	-7.204526	-11.629042
52	4.807142	-7.771256	1.70448	65.031343	16.451898	2.890927	2.76364	-7.244769	-11.279686
53	2.985387	-7.062238	1.787325	69.36886	16.544837	2.157353	2.635958	-7.071477	-10.65574
54	1.117545	-6.146185	2.047409	73.598921	16.27135	1.402759	2.410043	-6.602008	-9.736988
55	-0.774041	-5.123113	2.396029	77.681601	15.698706	0.73568	2.067699	-5.828015	-8.567269
56	-2.687301	-4.108569	2.711925	81.537832	14.91468	0.302663	1.574232	-4.718561	-7.191984
57	-4.62499	-3.20343	2.885084	85.169578	14.108981	0.133937	0.949613	-3.401526	-5.760344
58	-6.602868	-2.476115	2.819213	88.547182	13.427678	0.251478	0.18692	-1.995001	-4.41378
59	-8.648162	-1.936514	2.4702	91.670903	12.981005	0.595037	-0.694727	-0.67116	-3.305955
60	-10.787294	-1.538695	1.869828	94.56156	12.77148	1.071646	-1.656664	0.462952	-2.495966
61	-13.083714	-1.233361	1.034819	97.175458	12.791344	1.609098	-2.658285	1.303763	-2.066068
62	-15.537396	-0.936664	0.080509	99.536301	12.941398	2.13871	-3.638125	1.904301	-1.950822
63	-18.149526	-0.592791	-0.903776	101.595709	13.165383	2.621994	-4.544155	2.302363	-2.129428
64	-20.877645	-0.172895	-1.80495	103.314898	13.403325	3.02915	-5.339204	2.57123	-2.521251
65	-23.666586	0.305851	-2.556542	104.689116	13.628273	3.348428	-6.018667	2.764716	-3.039456
66	-26.46293	0.80752	-3.092145	105.628439	13.825159	3.563593	-6.564275	2.89777	-3.613692
67	-29.216274	1.285473	-3.455721	106.177241	13.99365	3.71587	-7.009341	2.979775	-4.1605
68	-31.88908	1.705778	-3.673659	106.299643	14.132954	3.842061	-7.368796	2.997651	-4.613361
69	-34.458566	2.046862	-3.802662	106.00746	14.251616	3.993559	-7.675002	2.948692	-4.914741
70	-36.92218	2.30732	-3.892844	105.351189	14.361679	4.204756	-7.9571	2.848073	-5.04858
71	-39.247917	2.475351	-3.984837	104.300569	14.482718	4.521705	-8.236503	2.714965	-4.992012
72	-41.436887	2.575843	-4.112839	102.9388	14.636429	4.954055	-8.528241	2.579956	-4.811644
73	-43.450876	2.622134	-4.307094	101.260465	14.842543	5.535745	-8.842374	2.459944	-4.546967
74	-45.249426	2.636542	-4.58176	99.278175	15.101419	6.290389	-9.183323	2.363708	-4.245538
75	-46.809356	2.632792	-4.923531	97.015681	15.393137	7.209892	-9.546383	2.290423	-3.936548
76	-48.032396	2.613881	-5.316149	94.412916	15.686238	8.308343	-9.926407	2.238854	-3.63795
77	-48.922527	2.581618	-5.723956	91.499619	15.941713	9.53677	-10.314187	2.198387	-3.356794
78	-49.431194	2.526831	-6.126856	88.232822	16.121468	10.87416	-10.70314	2.163091	-3.10316
79	-49.562309	2.434193	-6.512079	84.600555	16.199337	12.275966	-11.08119	2.127649	-2.896148
80	-49.364462	2.292904	-6.875169	80.630322	16.169677	13.695526	-11.437812	2.088116	-2.752212
81	-48.820754	2.083082	-7.202927	76.27877	15.993844	15.079089	-11.750514	2.041557	-2.714526
82	-48.017532	1.812655	-7.491351	71.623779	15.674173	16.38595	-12.006873	1.986168	-2.802877
83	-46.968606	1.483337	-7.729249	66.676432	15.189004	17.571279	-12.185377	1.908582	-3.063379
84	-45.714056	1.11927	-7.916453	61.495205	14.538046	18.612618	-12.273922	1.784914	-3.521066
85	-44.299298	0.754969	-8.070175	56.157853	13.741759	19.528672	-12.28063	1.594903	-4.158306
86	-42.72753	0.435951	-8.22086	50.725224	12.800971	20.343548	-12.207527	1.293629	-4.974859
87	-41.04297	0.181936	-8.404609	45.287676	11.771478	21.126803	-12.089655	0.877909	-5.896147
88	-39.257865	0.001605	-8.649255	39.921837	10.689313	21.928379	-11.954656	0.338784	-6.871816
89	-37.4015	-0.135315	-8.952428	34.729289	9.604531	22.78081	-11.841247	-0.299852	-7.840393
90	-35.514071	-0.283667	-9.270368	29.79953	8.546667	23.658116	-11.777273	-0.990729	-8.752038
91	-33.648843	-0.507277	-9.542493	25.321918	7.548367	24.500698	-11.79459	-1.669335	-9.523946
92	-31.857374	-0.81124	-9.755077	21.342239	6.630898	25.276365	-11.879192	-2.268869	-10.122929
93	-30.19784	-1.182639	-9.912692	17.989153	5.829768	25.954371	-12.014169	-2.722016	-10.498334
94	-28.721671	-1.577694	-10.045343	15.335796	5.164644	26.500781	-12.152339	-2.974199	-10.61165
95	-27.443648	-1.955381	-10.187233	13.359283	4.626929	26.896177	-12.237333	-3.015537	-10.456864
96	-26.412291	-2.268935	-10.371682	12.174483	4.220576	27.082515	-12.160989	-2.79984	-9.98299
97	-25.596777	-2.50473	-10.602273	11.650421	3.900792	27.071201	-11.848876	-2.35419	-9.263606
98	-25.027422	-2.653866	-10.873591	11.824956	3.647385	26.843332	-11.201491	-1.635788	-8.34052
99	-24.734885	-2.740092	-11.168208	12.686078	3.438811	26.427198	-10.202054	-0.61872	-7.319656
100	-24.728068	-2.809842	-11.46655	14.17633	3.26176	25.875423	-8.976807	0.664737	-6.304725
