hip_X	hip_Y	hip_Z	knee_X	knee_Y	knee_Z	ankle_X	ankle_Y	ankle_Z
	0.624798	-0.822552	-15.255416	5.925876	19.622646	3.349679	-6.476871	0.978549	-5.492075
	0.682485	-0.119336	-15.120808	6.183483	18.833753	5.259031	-4.914072	0.880318	-5.212109
	0.580051	0.785201	-15.004020	6.577269	17.490663	7.466880	-2.990256	1.071318	-4.744731
	0.323446	1.779956	-14.888241	6.889528	16.130724	9.850846	-0.708908	1.771529	-4.065434
	-0.119021	2.315059	-15.024031	7.285463	14.426401	12.449692	1.576644	2.784147	-3.348203
	-0.578165	2.521638	-15.256284	7.724429	12.746476	15.384071	3.487991	3.911065	-3.057028
	-1.163203	2.290637	-15.521078	8.199502	11.566330	18.511129	4.983069	5.222651	-3.086060
	-1.899566	1.240617	-15.946524	8.840756	10.710477	21.668387	5.721251	6.558266	-4.001466
	-2.417538	-0.008781	-16.515087	9.571377	10.376717	25.101985	5.704345	7.835860	-5.007575
	-3.059246	-1.331646	-17.232126	10.285125	10.361136	28.399210	5.485595	8.964348	-6.434618
	-3.829603	-2.427501	-18.031407	10.903907	10.526992	31.529233	5.137574	9.702877	-8.037114
	-4.633292	-2.867243	-18.663957	11.477283	10.671365	34.510767	4.708571	10.251702	-9.789917
	-5.402617	-3.182469	-19.051368	11.935769	10.776936	37.079983	4.295557	10.798046	-11.478873
	-6.207075	-3.215368	-19.066896	12.168003	10.550600	38.921555	4.068336	11.234920	-12.921537
	-7.020397	-2.841058	-18.670803	12.303828	10.190463	40.104377	3.914969	11.704121	-14.210738
	-7.731296	-2.513765	-17.946406	12.217917	9.713364	40.717267	3.775511	12.027521	-15.369560
	-8.314976	-2.101557	-17.234961	12.145787	9.416241	40.876294	3.609283	12.283419	-16.459049
	-8.802875	-1.707686	-16.330719	11.989218	9.320026	40.793963	3.383190	12.461069	-17.377609
	-9.128787	-1.481673	-15.309878	11.950936	9.323402	40.564166	3.138936	12.568312	-18.190446
	-9.332322	-1.406701	-14.169672	11.880750	9.530893	40.194752	2.931603	12.657275	-18.897613
	-9.467564	-1.328348	-13.128574	11.807891	9.801292	39.355399	2.724554	12.758055	-19.539735
	-9.624641	-1.237709	-11.910443	11.744866	10.076352	38.380855	2.554838	12.854278	-20.059471
	-9.786860	-1.009081	-10.447881	11.689576	10.372064	37.242205	2.317459	12.851663	-20.312418
	-9.911174	-0.773205	-8.690634	11.517296	10.657633	35.820836	2.136146	12.737610	-20.282350
	-9.933621	-0.346995	-6.823604	11.411253	10.922142	34.133437	1.990169	12.541494	-19.977457
	-9.877953	0.020326	-4.701007	11.231948	11.199471	32.230403	1.841058	12.365739	-19.356758
	-9.652488	0.531055	-2.494824	11.065641	11.401589	30.093697	1.663430	12.066943	-18.551740
	-9.378097	0.893021	-0.225077	10.857449	11.580833	27.731436	1.427154	11.729323	-17.621514
	-9.136143	1.193255	2.104358	10.685172	11.965880	25.358010	1.200927	11.338872	-16.462594
	-8.882066	1.464311	4.367173	10.549055	12.410868	23.153863	0.841225	10.836970	-14.768915
	-8.580500	1.761054	6.559971	10.383494	12.879605	21.143085	0.507470	10.198536	-12.871469
	-8.186262	2.112025	8.653207	10.211298	13.421718	19.077045	0.262696	9.468818	-10.786587
	-7.739683	2.530057	10.598555	9.971523	13.973007	16.987695	0.072770	8.599735	-8.377288
	-7.222403	3.026754	12.483036	9.712768	14.787365	14.822002	-0.118169	7.664976	-5.724248
	-6.682086	3.603348	14.199499	9.452953	15.576641	12.762159	-0.312338	6.692638	-2.910488
	-6.173064	4.244864	15.750461	9.095888	16.492774	10.845219	-0.523307	5.739091	0.151815
	-5.696633	4.896219	17.137281	8.782240	17.298021	9.192020	-0.694192	4.809143	3.248033
	-5.264743	5.586593	18.423277	8.475856	17.938563	7.746189	-0.850603	3.904925	6.283886
	-4.899158	6.309820	19.592616	8.252436	18.606354	6.578724	-0.986796	3.109487	9.148447
	-4.621337	7.098395	20.670251	8.104420	19.223537	5.837809	-1.156246	2.608449	11.668659
	-4.487135	7.843798	21.445511	8.080528	19.629175	5.634862	-1.522014	2.658432	13.790439
	-4.503294	8.390671	21.887970	8.085658	19.862290	6.142104	-1.971160	2.959715	15.600902
	-4.656783	8.979201	22.288377	8.270031	20.011656	7.108252	-2.301986	3.339749	16.873560
	-4.970507	9.472600	22.488232	8.509945	20.026133	8.465797	-2.550951	3.858335	17.750864
	-5.321798	9.859164	22.588923	8.904343	19.833812	10.315412	-2.798163	4.329953	18.133560
	-5.600387	10.373814	22.446875	9.484603	19.552336	12.837344	-2.967948	4.819816	18.174464
	-5.862147	10.651688	22.105834	10.208420	19.310267	15.665282	-3.038231	5.529154	17.768743
	-6.026167	10.780278	21.638423	10.981379	19.101043	18.849909	-3.076620	6.212939	17.039009
	-6.055774	10.933314	21.165235	11.903814	18.839942	22.255418	-3.145183	6.694788	16.121354
	-5.983764	11.221441	20.609510	12.883211	18.664558	25.881891	-3.172775	7.142644	15.136590
	-5.830825	11.479469	19.979865	14.023654	18.410769	29.507656	-3.189913	7.467673	14.157887
	-5.581138	11.730802	19.268153	15.182727	18.070245	33.149585	-3.304732	7.750930	13.223719
	-5.312106	11.929502	18.445440	16.374172	17.726263	36.904769	-3.371067	8.005818	12.392592
	-4.903839	12.036069	17.506845	17.548624	17.358011	40.621560	-3.297353	8.128298	11.663936
	-4.380893	12.107721	16.432531	18.695226	16.908113	44.286178	-3.142892	8.199870	11.011866
	-3.712212	12.265279	15.246405	19.687093	16.313976	47.998529	-2.975436	8.206032	10.390085
	-2.918205	12.377959	13.969749	20.595794	15.468937	51.803424	-2.718435	8.077205	9.749754
	-1.972660	12.431835	12.483025	21.346783	14.510152	55.593115	-2.409048	7.902591	9.158095
	-0.916745	12.461616	10.651076	22.015811	13.199095	59.291809	-2.004908	7.591699	8.452813
	0.097857	12.374888	8.366602	22.527669	11.801758	62.937099	-1.553316	7.275828	7.685874
	1.256763	12.132231	5.845965	22.704686	10.325164	66.531443	-1.174928	6.842615	6.903226
	2.200341	11.565113	3.248764	22.760827	8.999088	70.071915	-0.847143	6.535945	6.130276
	2.955518	10.792762	0.690587	22.699653	7.915981	73.442258	-0.627889	6.212377	5.361714
	3.473345	9.791296	-1.848129	22.460031	7.110915	76.626076	-0.558029	5.984825	4.597602
	3.949005	8.664070	-4.394637	21.960949	6.484517	79.504262	-0.598536	5.840902	3.804792
	4.445964	7.480184	-6.896594	21.433267	6.032496	82.011077	-0.713562	5.507020	2.992609
	4.874726	6.440831	-9.395230	20.692780	5.571002	84.181556	-0.910264	5.178248	2.196349
	5.242419	5.406796	-11.894385	19.677917	5.149721	85.979626	-1.133171	4.992137	1.495668
	5.590925	4.634917	-14.332166	18.655227	4.669043	87.243938	-1.368900	4.769493	0.755835
	5.909768	4.500239	-16.787495	17.671275	4.191003	88.041157	-1.494392	4.557449	-0.010680
	6.143971	4.616490	-19.156131	16.656628	3.567914	88.541213	-1.542597	4.469168	-0.764634
	6.097715	4.779426	-21.470290	15.683519	3.054726	88.712226	-1.668831	4.495792	-1.495893
	6.054292	4.991466	-23.638988	14.778181	2.641199	88.497086	-1.856001	4.541226	-2.239727
	5.893067	5.122088	-25.549669	14.116456	2.417857	87.690279	-1.943609	4.744537	-2.943877
	5.576213	5.313847	-27.163031	13.753874	2.297573	86.338979	-2.131475	4.910881	-3.582187
	5.175734	5.335350	-28.629281	13.314137	2.119830	84.607957	-2.343541	5.135481	-4.090287
	4.674718	5.398540	-29.847596	13.162809	2.054573	82.332727	-2.632185	5.378658	-4.525504
	4.212767	5.196408	-30.745169	13.281623	2.402082	79.466723	-2.775537	5.502090	-4.991366
	3.784121	4.741450	-31.186582	13.613721	3.119584	76.150420	-2.969314	5.569419	-5.441723
	3.328513	4.169740	-31.476105	13.955010	4.241458	72.397322	-3.118060	5.532008	-5.828706
	2.974368	3.532951	-31.417019	14.258165	5.442700	68.281556	-3.292712	5.341272	-6.078515
	2.790625	2.868420	-31.006949	14.415288	6.729949	63.929645	-3.546590	5.127940	-6.242685
	2.690747	2.149263	-30.526096	14.488409	8.497981	58.966965	-3.705126	4.862779	-6.386531
	2.527297	1.340372	-29.759488	14.261795	10.494702	53.729527	-3.877446	4.677906	-6.463280
	2.454845	0.637122	-28.762072	13.787656	12.710895	48.267038	-4.139178	4.480811	-6.501116
	2.392269	-0.255826	-27.625119	13.000394	14.924765	42.699645	-4.403624	4.252862	-6.512062
	2.218539	-1.094423	-26.437693	12.136224	16.964294	37.130389	-4.799103	3.903014	-6.498460
	2.020527	-2.124560	-25.241334	11.226697	18.869831	31.753799	-5.299230	3.501752	-6.419680
	1.857021	-3.268749	-24.067410	10.327106	20.367150	26.581000	-5.966899	3.053044	-6.373906
	1.707272	-4.010669	-23.030615	9.492717	21.710200	21.678410	-6.539068	2.523964	-6.331264
	1.489927	-4.583498	-22.104560	8.702479	22.984003	17.143915	-7.059342	2.065368	-6.237363
	1.167537	-4.943944	-21.189873	8.054653	23.645551	12.804152	-7.580729	1.683987	-6.096825
	0.865560	-5.012774	-20.252841	7.422870	23.870348	9.094389	-8.006822	1.442751	-5.994462
	0.589163	-4.996885	-19.496754	6.910586	23.693889	5.854346	-8.205487	1.336067	-5.846224
	0.374217	-4.685892	-18.827138	6.516969	23.073919	3.352527	-8.320625	1.332756	-5.829039
	0.246024	-4.287149	-18.166670	6.199147	22.383504	1.400536	-8.383170	1.429850	-5.785103
	0.237719	-3.963103	-17.469135	5.947280	21.999948	0.254753	-8.441282	1.511077	-5.815691
	0.253629	-3.615476	-16.927076	5.780829	21.713805	-0.233336	-8.503961	1.598116	-5.825824
	0.361363	-3.094498	-16.350608	5.699356	20.986638	-0.057243	-8.489034	1.559369	-5.846921
	0.520644	-2.317339	-15.816908	5.689162	20.503675	0.829590	-8.132965	1.337290	-5.806207
	0.604004	-1.456880	-15.400343	5.806263	20.102122	2.170319	-7.309229	1.049881	-5.661457
