hip_X	hip_Y	hip_Z	knee_X	knee_Y	knee_Z	ankle_X	ankle_Y	ankle_Z
	8.249452	-9.213084	-30.130580	3.490959	32.574719	13.119635	3.499323	-13.765171	-8.158619
	7.878553	-9.643021	-29.870003	4.072219	32.193118	14.572718	4.413595	-13.247362	-7.257272
	7.355721	-10.376631	-29.611360	4.850726	31.780204	16.543771	5.336700	-12.611178	-6.024575
	6.724958	-11.263839	-29.361248	5.556480	31.218463	18.652136	6.545770	-11.741931	-4.922906
	5.778579	-12.330018	-29.227234	6.251355	30.541037	21.008150	7.734843	-10.637112	-4.131079
	4.681169	-13.618406	-29.109027	7.088871	30.209424	23.635036	8.626989	-9.657282	-3.941815
	3.307448	-15.316269	-29.242791	7.958728	29.680520	26.708526	9.344822	-8.400884	-4.526834
	1.780861	-16.664270	-29.590708	8.893320	29.026155	29.845866	9.815688	-6.899842	-5.565389
	0.184408	-17.757493	-30.027955	9.985088	28.454204	32.825789	9.993423	-5.784818	-7.162359
	-1.513282	-18.676074	-30.425170	11.033905	27.684935	35.540156	10.005067	-4.924843	-8.906361
	-3.201779	-19.021266	-30.701455	12.152066	26.830098	37.771473	9.906994	-4.539312	-10.687329
	-4.784724	-19.016595	-30.740299	13.178040	25.919055	39.444785	9.769311	-4.418136	-12.376493
	-6.320943	-18.646920	-30.669281	13.914163	24.797991	40.598405	9.599322	-4.494105	-13.957836
	-7.425944	-18.062752	-30.306670	14.495679	23.744268	41.439289	9.577176	-4.662127	-15.429061
	-8.227666	-17.495318	-29.861643	14.680290	22.707679	41.947587	9.643432	-4.721868	-16.820507
	-8.857733	-16.878266	-29.269438	14.559543	22.015959	42.318434	9.708164	-4.792929	-18.131504
	-9.170568	-16.404727	-28.575424	14.152340	21.447721	42.460404	9.765576	-4.675776	-19.386008
	-9.153678	-16.131512	-27.763014	13.618413	21.220495	42.328601	9.799013	-4.524932	-20.481301
	-8.929667	-15.986788	-26.846070	13.115304	21.268322	41.969326	9.766276	-4.305508	-21.507987
	-8.626031	-16.069945	-25.731457	12.694805	21.445884	41.163680	9.664257	-4.178211	-22.263844
	-8.366160	-16.274885	-24.256233	12.343277	21.588208	39.856924	9.399139	-4.098273	-22.642808
	-8.164373	-16.694714	-22.498357	12.062609	21.882012	38.175615	9.025490	-4.052668	-22.862727
	-7.996607	-17.372480	-20.564812	11.795650	22.382698	36.003621	8.538039	-4.151735	-22.519281
	-7.972408	-18.090162	-18.358705	11.643193	23.137769	32.933293	7.948376	-4.321676	-21.891730
	-7.974905	-18.997476	-16.088679	11.554433	24.255738	29.667326	7.278745	-4.646067	-21.045335
	-8.062479	-19.980617	-13.730181	11.485683	25.703902	26.133646	6.488392	-5.107401	-19.689136
	-8.186122	-20.899331	-11.286130	11.366493	27.440681	22.503562	5.639474	-5.705546	-17.745962
	-8.312895	-21.595275	-9.045785	11.125877	29.371569	18.767799	4.808294	-6.480948	-15.308705
	-8.394072	-22.380069	-6.789122	10.673230	31.524340	15.274129	3.953153	-7.535427	-12.641499
	-8.457625	-23.036113	-4.821842	10.086908	33.690265	12.089482	3.108333	-8.697202	-9.648392
	-8.439112	-23.430202	-3.096099	9.282952	35.785149	9.166901	2.277481	-10.016882	-6.475500
	-8.357891	-23.487801	-1.554912	8.291867	37.553711	6.672592	1.468721	-11.465521	-3.001624
	-8.196210	-23.323636	-0.203768	7.359605	38.934626	4.609611	0.684788	-12.869498	0.606264
	-7.963278	-22.841830	0.841441	6.420305	39.948616	2.836477	-0.042197	-14.286485	4.196350
	-7.732798	-22.122094	1.781125	5.548238	40.233593	1.864735	-0.788648	-15.589863	7.696261
	-7.436409	-21.069884	2.723013	4.884170	39.968831	1.361716	-1.532498	-16.550748	10.997811
	-7.262996	-20.068306	3.628051	4.607949	39.318933	1.071244	-2.217323	-17.413694	13.979319
	-7.183240	-18.888963	4.475320	4.857971	38.315579	1.293618	-2.948192	-17.884671	16.271778
	-7.057076	-17.655754	5.280897	5.051176	37.060716	1.988164	-3.678956	-17.870022	18.223907
	-7.041507	-16.692764	6.133022	5.462534	35.634088	2.844475	-4.234820	-17.497946	19.027034
	-7.062036	-15.694677	6.815431	6.326297	34.198180	4.637205	-4.592865	-17.060910	19.500819
	-7.073255	-14.731946	7.544199	7.566755	32.849537	6.842363	-4.392659	-16.534787	19.717973
	-7.080896	-13.809865	8.170383	8.837734	31.736458	9.387935	-4.164893	-15.944789	19.331782
	-7.132497	-13.076475	8.700076	10.300760	30.652120	12.549464	-3.707239	-15.308726	18.510427
	-7.141464	-12.050367	8.927729	11.964328	29.840847	15.874258	-3.363907	-14.868186	17.501195
	-7.156576	-10.825098	8.946683	13.839281	29.020328	19.539209	-3.087170	-14.275512	16.425941
	-7.186067	-9.979055	8.799336	16.034745	28.166196	23.500154	-2.748560	-13.788055	15.329615
	-7.188341	-9.068758	8.553406	18.316787	27.273981	27.666953	-2.531788	-13.470234	14.453678
	-7.184037	-8.486873	8.012618	20.764007	26.258724	32.033807	-2.359898	-13.068890	13.811388
	-7.175421	-8.145379	7.314987	23.375459	24.779430	36.653002	-2.115922	-12.939343	13.205109
	-7.183646	-7.636324	6.373503	25.898748	23.259693	41.323762	-1.833759	-12.770925	12.687745
	-7.111979	-7.093586	5.472336	28.161693	21.604138	46.011951	-1.594554	-12.580923	12.199088
	-6.795775	-6.519983	4.508635	30.066978	19.694968	50.694145	-1.473335	-12.484748	11.696796
	-6.200568	-5.600934	3.666574	31.563472	17.334785	55.393840	-1.335065	-12.359311	11.156390
	-5.456711	-4.771269	2.868442	32.702011	14.905507	60.128422	-1.255144	-12.354093	10.563315
	-4.356689	-3.609097	2.177006	33.583719	12.160582	64.790353	-1.133825	-12.477815	9.908940
	-3.009127	-2.368555	1.437576	34.008663	9.280188	69.386256	-0.969416	-12.561589	9.200430
	-1.390166	-0.965200	0.618032	33.930164	6.346343	73.972734	-0.659871	-12.579866	8.443178
	0.391015	0.500547	-0.485779	33.428869	3.499145	78.514716	-0.186834	-12.698246	7.656053
	2.208640	1.687672	-1.643097	32.996828	1.027715	82.951931	0.423727	-12.766082	6.937482
	3.939967	2.760790	-3.117167	32.196363	-0.979339	87.222410	1.198778	-12.724726	6.087624
	5.579695	3.415209	-5.025289	31.206462	-2.571081	91.289339	2.003105	-12.929138	5.249532
	6.951676	3.468031	-7.198642	30.282800	-3.550237	95.076072	2.649573	-12.973198	4.382445
	8.090626	3.065008	-9.563594	29.412495	-3.992612	98.527287	3.323216	-13.033311	3.496496
	9.088271	2.343531	-12.146437	28.667439	-3.818942	101.607232	3.883211	-13.096789	2.639897
	10.018616	1.115987	-14.925216	27.902760	-3.321625	104.243796	4.163267	-13.288376	1.804726
	11.043443	-0.192892	-17.712167	27.386481	-2.282130	106.420990	4.288454	-13.585464	0.997081
	12.042559	-1.401441	-20.553904	26.692000	-1.042947	108.007971	4.269440	-13.820061	0.210022
	13.004687	-2.373400	-23.577449	26.044435	0.170987	109.166336	4.210697	-14.005330	-0.504067
	13.784257	-3.146467	-26.435787	25.522573	1.386089	109.730325	4.220348	-14.056255	-1.160034
	14.615407	-3.756880	-29.270638	25.044481	2.622228	109.750903	4.222784	-14.210173	-1.772202
	15.238036	-4.173141	-31.799207	24.647295	3.814533	109.286207	4.147317	-14.411013	-2.353479
	15.714282	-4.379295	-34.130544	24.252211	5.166457	108.297363	4.075038	-14.393814	-2.908072
	16.078515	-4.536596	-36.427635	23.902180	6.474529	106.717779	4.043924	-14.223622	-3.457460
	16.372886	-4.702562	-38.542747	23.590221	7.869239	104.641964	4.062375	-13.885135	-3.937751
	16.498384	-4.952488	-40.320027	23.316406	9.389052	102.162245	4.049651	-13.603507	-4.363221
	16.671298	-5.246904	-41.913058	23.020727	10.998658	99.369937	4.026775	-13.232699	-4.792591
	16.702766	-5.487089	-43.319261	22.957529	12.426496	96.224694	3.994758	-12.678566	-5.239129
	16.613841	-5.943688	-44.500971	22.940860	13.937172	92.674929	3.899670	-12.119039	-5.673212
	16.598353	-6.362232	-45.444550	23.059659	15.723491	88.838037	3.727165	-11.647800	-6.082805
	16.522605	-6.868085	-46.245073	23.289615	17.340641	84.616818	3.528079	-11.259368	-6.499492
	16.325329	-7.335896	-46.964301	23.566165	19.073530	79.967047	3.295763	-11.092083	-6.889150
	15.985877	-7.853220	-47.500146	23.754608	21.120661	74.738293	2.992246	-11.029120	-7.178946
	15.686470	-8.175336	-47.749205	23.838237	23.230306	69.102507	2.671577	-11.275087	-7.406557
	15.379863	-8.307191	-47.836137	23.731479	25.437966	63.087115	2.455272	-11.606262	-7.588820
	15.029148	-8.371922	-47.844445	23.217292	27.738142	56.798877	2.290623	-12.058032	-7.759177
	14.536532	-8.246473	-47.553387	21.961579	29.980819	50.516997	2.173238	-12.661687	-7.872206
	13.915113	-7.966597	-46.856522	20.099387	31.888061	44.323134	2.082209	-13.345606	-7.920866
	13.414599	-7.587256	-45.877685	17.814573	33.052855	38.662281	2.015890	-14.044974	-7.920128
	12.895799	-7.245742	-44.716862	15.081873	34.105889	33.542710	1.933528	-14.632930	-7.923263
	12.380020	-7.017019	-43.199872	12.353645	34.720288	28.768248	1.857022	-15.140761	-7.989102
	11.918583	-7.009522	-41.510832	9.902888	34.888372	24.427512	1.713708	-15.469458	-8.105433
	11.471913	-7.174676	-39.789097	7.726771	34.861600	20.500518	1.397854	-15.772231	-8.272542
	10.964285	-7.448676	-38.048340	5.931126	34.677197	17.225210	1.126149	-15.959853	-8.450047
	10.602081	-7.711376	-36.300639	4.579584	34.256142	14.489508	0.942027	-15.985208	-8.538681
	10.274493	-7.922720	-34.752180	3.708809	33.955050	12.416200	0.930649	-16.081779	-8.753935
	9.915266	-8.177129	-33.388175	3.186415	33.762509	11.223444	1.086664	-15.932293	-8.990048
	9.607297	-8.354204	-32.261797	2.874418	33.665763	10.517044	1.303559	-15.636054	-9.112337
	9.381224	-8.564368	-31.416302	2.804388	33.560086	10.439700	1.580361	-15.225201	-9.066229
	9.058100	-8.763448	-30.808709	2.938433	33.286954	11.099330	2.158585	-14.689027	-8.978330
	8.619813	-9.026094	-30.376526	3.231615	32.908499	12.236569	2.887229	-14.097535	-8.580393
