hip_X	hip_Y	hip_Z	knee_X	knee_Y	knee_Z	ankle_X	ankle_Y	ankle_Z
	7.126835	-1.633260	-28.713616	1.225536	30.969945	4.680010	-6.108480	-17.209119	-9.136008
	7.089122	-2.008061	-29.089033	1.856898	30.328223	6.476623	-3.933099	-15.917330	-7.975957
	7.186182	-2.423573	-29.759486	2.479290	29.493709	8.647411	-1.824553	-14.443065	-6.515315
	7.154475	-2.839475	-30.597937	3.097632	28.633994	11.115333	0.991944	-12.858282	-4.901031
	6.936417	-3.352809	-31.565362	3.756415	27.734948	13.814098	3.445232	-11.431856	-3.474015
	6.569413	-3.935743	-32.517773	4.597178	26.810707	16.758100	5.861467	-10.219168	-2.519936
	6.067541	-4.583327	-33.648132	5.540514	25.970153	20.096131	7.609590	-9.219123	-2.211210
	5.332485	-5.226868	-34.706683	6.399377	24.983112	23.651863	8.718415	-8.312656	-2.439322
	4.442774	-5.981249	-36.217101	7.604949	23.940679	27.258475	9.406376	-7.524309	-3.339947
	3.421923	-6.536431	-37.341634	8.890292	22.761792	30.787468	9.682152	-6.878651	-4.826452
	2.339335	-6.803827	-38.294188	10.073070	21.542870	34.143144	9.741187	-6.692821	-6.576200
	1.281255	-6.801920	-39.005324	11.066738	20.100090	36.807064	9.495514	-6.486784	-8.468507
	0.360172	-6.810761	-39.347044	11.838450	18.688453	39.272966	9.196520	-6.248311	-10.337647
	-0.400643	-6.477412	-39.437495	12.352307	17.407840	41.360490	8.891108	-6.101310	-12.017257
	-1.007020	-6.009013	-39.081586	12.468484	16.496170	42.786648	8.626918	-6.217103	-13.605131
	-1.395857	-5.386654	-38.433415	12.463223	15.929383	43.804443	8.376940	-6.219711	-15.132339
	-1.667254	-4.681398	-37.578331	12.293747	15.264124	44.847213	8.090445	-6.115551	-16.557712
	-1.899019	-4.022911	-36.580235	11.702435	14.530752	45.229952	7.869977	-5.883891	-17.894249
	-2.003902	-3.400182	-35.464295	11.606616	14.449245	45.375591	7.803456	-5.691870	-19.132459
	-2.070746	-2.835708	-34.290093	11.014417	14.746823	45.281743	7.823236	-5.395388	-20.252887
	-2.134438	-2.352209	-33.092761	10.446030	14.757470	44.964232	7.841382	-5.580785	-21.068220
	-2.128408	-2.018925	-31.619321	9.949835	14.981876	44.053108	7.867541	-5.965624	-21.968996
	-2.151682	-1.482398	-30.046683	9.303192	15.270975	42.787250	7.942887	-6.524758	-22.549664
	-2.122670	-0.935819	-28.333832	8.806570	15.422007	41.434861	7.781633	-7.020252	-22.951345
	-2.153059	-0.366259	-26.501147	8.275174	15.644513	39.972886	7.530184	-7.281539	-23.128999
	-2.230380	0.267800	-24.543442	7.854682	15.825715	38.199262	7.161789	-7.630736	-23.169696
	-2.294781	0.931665	-22.510100	7.494038	16.080737	36.140002	6.707950	-8.057894	-22.986997
	-2.314895	1.571965	-20.468934	7.220278	16.235065	33.797043	6.190081	-8.704325	-22.392597
	-2.259853	2.181197	-18.509785	6.875394	16.316263	31.250618	5.600969	-8.983959	-21.352051
	-2.114035	2.751845	-16.429700	6.578177	16.447404	28.932338	4.910770	-9.442951	-20.010584
	-1.868396	3.406005	-14.354306	6.184568	16.626610	26.530845	4.268791	-9.941771	-18.282591
	-1.529791	4.109878	-12.354602	5.939566	16.916120	24.339605	3.615341	-10.351136	-16.356849
	-1.103663	4.763860	-10.331472	5.653213	17.244174	22.675996	3.059884	-10.999503	-14.248502
	-0.708162	5.458584	-8.373763	5.279932	17.721382	20.977553	2.444868	-11.886955	-11.907248
	-0.339993	6.158550	-6.598553	4.904618	18.208867	19.356422	1.694884	-12.829759	-9.364297
	0.090645	6.657955	-4.866577	4.570701	18.869600	17.873605	1.154748	-13.788041	-6.701510
	0.506857	7.292766	-3.096357	4.329475	19.583770	16.498957	0.581979	-14.938813	-4.016574
	0.959619	7.902529	-1.366622	4.114946	20.362879	15.466975	0.182610	-16.033331	-1.179233
	1.475330	8.484839	0.252840	4.058833	21.021218	14.652188	-0.531321	-17.060989	1.506424
	1.934659	8.996815	1.760135	4.106397	21.521179	14.009039	-1.347093	-17.859857	4.039398
	2.227531	9.401956	3.115209	4.272681	21.814877	13.283119	-2.247789	-18.565666	6.406456
	2.372741	9.999738	4.438077	4.585877	21.953936	13.087534	-3.228113	-18.967661	8.733066
	2.504670	10.591983	5.622393	5.038690	21.798470	12.778596	-4.193055	-19.038750	10.943048
	2.431473	11.065078	6.634746	5.642276	21.427339	13.431842	-5.025573	-18.789474	12.847252
	2.293605	11.218051	7.447671	6.413819	20.769911	13.967830	-5.802439	-18.236826	14.242227
	2.135173	11.535079	8.114911	7.244838	19.836250	15.010837	-6.602558	-17.443666	14.907928
	1.921000	11.750030	8.425297	8.109117	18.720294	16.468170	-7.179814	-16.625540	15.979273
	1.667753	11.871761	8.176485	9.082032	17.697001	18.449401	-7.542433	-15.735932	16.698306
	1.423117	11.891648	7.817976	10.094310	16.527542	20.808296	-7.729702	-15.103087	16.988448
	1.168826	12.179941	7.189796	11.247826	15.502631	23.590389	-7.730995	-14.405258	16.993732
	0.886618	12.315993	6.344882	12.427389	14.349840	26.683385	-7.601661	-13.864524	16.516362
	0.556335	12.591321	5.353311	13.749605	13.198598	30.077218	-7.448723	-13.530391	15.787710
	0.324907	12.672012	4.202348	14.837108	12.036120	33.390603	-7.075705	-13.304350	14.811789
	0.131701	12.909582	2.920023	16.114089	10.832847	36.820970	-6.617872	-13.067786	13.593329
	-0.092288	13.206454	1.424391	17.404163	9.441603	40.479144	-6.191733	-12.808536	12.139766
	-0.232484	13.455563	-0.189167	18.629240	8.133123	44.089616	-5.737711	-12.638180	10.379822
	-0.108765	13.850029	-1.934706	19.594695	6.606819	47.533370	-5.250591	-12.525428	8.913298
	0.093602	14.189727	-3.888591	20.575694	5.196895	50.879820	-4.702995	-12.465605	7.309069
	0.340015	14.468148	-6.028253	21.471429	3.857565	54.119454	-4.071155	-12.271737	5.738710
	0.534293	14.616347	-8.152720	22.268855	2.545434	57.231775	-3.372776	-12.129414	4.200885
	0.813052	14.628367	-10.401376	22.789829	1.545751	60.376947	-2.647126	-11.834699	2.462599
	1.164833	14.709067	-12.763852	23.249764	0.755178	63.297332	-1.894299	-11.596358	1.114088
	1.394838	14.477399	-15.110450	23.773648	0.169415	66.052767	-1.196200	-11.169900	-0.177224
	1.539146	14.020769	-17.385596	23.899735	-0.228563	68.583597	-0.612223	-10.900442	-1.468649
	1.696792	13.132084	-19.580685	24.267010	-0.399302	70.922053	-0.111589	-10.529510	-2.749986
	1.802448	12.223834	-21.691162	24.565638	-0.440225	73.001714	0.467189	-10.228699	-4.005603
	1.960044	11.310312	-23.724614	24.913299	-0.266869	74.719184	1.068748	-10.039103	-5.212208
	2.219484	10.445577	-25.698449	25.223389	0.079289	76.023193	1.507038	-9.898822	-6.353174
	2.532185	9.572427	-27.616470	25.530953	0.529515	76.982440	1.802412	-10.019644	-7.407425
	2.812481	8.831893	-29.481815	25.802687	1.062003	77.508311	1.974894	-10.174206	-8.375694
	3.071805	8.236438	-31.279386	25.975018	1.677493	77.655604	2.107647	-10.377263	-9.307508
	3.292379	7.868475	-33.002713	26.102142	2.305789	77.577338	2.157080	-10.690833	-10.167624
	3.477322	7.558676	-34.606201	26.201477	3.002926	77.080065	2.156573	-11.147242	-10.929177
	3.661175	7.283377	-36.065414	26.280207	3.821331	75.945716	2.130354	-11.602536	-11.591088
	3.800693	7.014210	-37.477326	26.346002	4.804207	74.411014	2.004522	-12.090461	-12.236036
	3.865978	6.689414	-38.693184	26.259438	5.950226	72.481704	1.756476	-12.452112	-12.762711
	3.861706	6.357670	-39.717582	26.025814	7.127641	70.190089	1.504414	-12.727828	-13.073792
	3.800904	6.037366	-40.568989	25.679811	8.730551	67.567152	1.272358	-12.837095	-13.288839
	3.701962	5.709784	-41.397756	25.153084	10.360735	64.748888	0.936971	-12.881056	-13.435724
	3.591349	5.297588	-41.826857	24.444044	11.993514	61.677603	0.663034	-12.791036	-13.563260
	3.555412	4.985519	-41.820762	23.516264	13.697150	58.177745	0.354982	-12.708421	-13.496019
	3.637078	4.522080	-41.738985	22.568904	15.828489	54.383976	0.067741	-12.614935	-13.403811
	3.717034	3.969969	-41.452094	21.380251	18.149033	50.387908	-0.269810	-12.555034	-13.234032
	4.075359	3.220261	-40.911719	19.782294	20.527421	46.148574	-0.564908	-12.540963	-12.964086
	4.545746	2.309269	-40.135931	18.087310	23.051141	41.730989	-0.929757	-12.677731	-12.628562
	5.040677	1.140049	-39.137061	16.288947	25.669193	37.132664	-1.223202	-12.925806	-12.282238
	5.518779	0.097479	-38.105984	14.444560	28.304387	32.442031	-1.632127	-13.415894	-11.854028
	6.029831	-0.907922	-36.948979	12.523513	30.955155	27.545471	-2.088135	-13.951250	-11.482026
	6.210243	-1.736548	-35.711073	10.551412	33.236860	23.005220	-2.706134	-14.825416	-11.145354
	6.435276	-2.527571	-34.540664	8.501820	34.909295	18.594382	-3.413349	-15.970687	-10.775758
	6.523403	-3.135182	-33.419337	6.542099	36.361478	14.494063	-4.191740	-17.045652	-10.381308
	6.523052	-3.485011	-32.246851	4.848651	37.075164	10.936449	-5.143483	-18.263359	-10.102237
	6.488004	-3.501141	-31.174521	3.312899	37.044065	7.837940	-6.036501	-19.131987	-9.988147
	6.331507	-3.117925	-30.263843	2.062990	36.666507	5.348652	-6.911216	-19.768250	-10.020544
	6.362232	-2.633434	-29.565090	1.034480	36.018035	3.365462	-7.796894	-20.251957	-10.009982
	6.417124	-2.097916	-29.017365	0.370879	35.189569	2.018099	-8.479895	-20.394285	-10.124826
	6.478133	-1.663560	-28.556678	-0.021409	34.328628	1.172359	-8.902364	-20.364228	-10.367739
	6.601253	-1.418289	-28.404606	-0.136972	33.449693	1.006533	-8.978042	-19.985139	-10.606664
	6.765307	-1.298516	-28.328813	0.000604	32.668513	1.445019	-8.612243	-19.426510	-10.442308
	6.948390	-1.339659	-28.349277	0.353955	32.063723	2.356453	-7.935564	-18.740329	-10.187111
	7.115021	-1.473248	-28.506959	0.840419	31.390670	3.683388	-7.059387	-17.795321	-9.670260
